   5.20300007    
   5.20117712    
   5.19571018    
   5.18660259    
   5.17386103    
   5.15749407    
   5.13751364    
   5.11393356    
   5.08677006    
   5.05604219    
   5.02177238    
   4.98398352    
   4.94270277    
   4.89795876    
   4.84978294    
   4.79820871    
   4.74327278    
   4.68501329    
   4.62347126    
   4.55868959    
   4.49071407    
   4.41959190    
   4.34537315    
   4.26810980    
   4.18785524    
   4.10466719    
   4.01860285    
   3.92972302    
   3.83808923    
   3.74376678    
   3.64682102    
   3.54731989    
   3.44533348    
   3.34093285    
   3.23419142    
   3.12518382    
   3.01398659    
   2.90067744    
   2.78533602    
   2.66804290    
   2.54888034    
   2.42793202    
   2.30528235    
   2.18101764    
   2.05522466    
   1.92799175    
   1.79940796    
   1.66956317    
   1.53854871    
   1.40645623    
   1.27337837    
   1.13940811    
   1.00463963    
  0.869167209    
  0.733085871    
  0.596490800    
  0.459477812    
  0.322142839    
  0.184582204    
   4.68922108E-02
  -9.08306316E-02
 -0.228489831    
 -0.365988940    
 -0.503231645    
 -0.640121698    
 -0.776563287    
 -0.912460685    
  -1.04771888    
  -1.18224275    
  -1.31593847    
  -1.44871199    
  -1.58047068    
  -1.71112180    
  -1.84057415    
  -1.96873665    
  -2.09551978    
  -2.22083521    
  -2.34459424    
  -2.46671009    
  -2.58709788    
  -2.70567274    
  -2.82235217    
  -2.93705392    
  -3.04969788    
  -3.16020465    
  -3.26849723    
  -3.37450004    
  -3.47813821    
  -3.57933950    
  -3.67803264    
  -3.77414870    
  -3.86762047    
  -3.95838237    
  -4.04637051    
  -4.13152409    
  -4.21378231    
  -4.29308796    
  -4.36938620    
  -4.44262218    
  -4.51274586    
  -4.57970762    
  -4.64346027    
  -4.70395947    
  -4.76116276    
  -4.81503057    
  -4.86552382    
  -4.91260815    
  -4.95625067    
  -4.99642086    
  -5.03308916    
  -5.06623173    
  -5.09582424    
  -5.12184668    
  -5.14427996    
  -5.16310883    
  -5.17832041    
  -5.18990326    
  -5.19785023    
  -5.20215464    
  -5.20281458    
  -5.19982862    
  -5.19319963    
  -5.18293190    
  -5.16903257    
  -5.15151167    
  -5.13038111    
  -5.10565567    
  -5.07735348    
  -5.04549313    
  -5.01009750    
  -4.97119236    
  -4.92880297    
  -4.88296080    
  -4.83369684    
  -4.78104639    
  -4.72504616    
  -4.66573477    
  -4.60315466    
  -4.53734922    
  -4.46836424    
  -4.39624882    
  -4.32105303    
  -4.24282980    
  -4.16163301    
  -4.07752085    
  -3.99055171    
  -3.90078664    
  -3.80828810    
  -3.71312118    
  -3.61535287    
  -3.51505136    
  -3.41228700    
  -3.30713058    
  -3.19965720    
  -3.08994150    
  -2.97806096    
  -2.86409378    
  -2.74812007    
  -2.63022017    
  -2.51047778    
  -2.38897610    
  -2.26580071    
  -2.14103770    
  -2.01477432    
  -1.88709939    
  -1.75810218    
  -1.62787318    
  -1.49650335    
  -1.36408520    
  -1.23071110    
  -1.09647465    
 -0.961470008    
 -0.825791657    
 -0.689534724    
 -0.552794516    
 -0.415667117    
 -0.278248399    
 -0.140634745    
  -2.92253681E-03
  0.134791717    
  0.272411525    
  0.409840465    
  0.546982229    
  0.683740735    
  0.820020080    
  0.955724955    
   1.09076011    
   1.22503114    
   1.35844362    
   1.49090445    
   1.62232041    
   1.75259984    
   1.88165116    
   2.00938416    
   2.13570905    
   2.26053739    
   2.38378215    
   2.50535655    
   2.62517548    
   2.74315500    
   2.85921216    
   2.97326612    
   3.08523703    
   3.19504595    
   3.30261612    
   3.40787220    
   3.51074052    
   3.61114907    
   3.70902729    
   3.80430651    
   3.89692020    
   3.98680353    
   4.07389307    
   4.15812826    
   4.23944998    
   4.31780100    
   4.39312744    
   4.46537495    
   4.53449392    
   4.60043526    
   4.66315365    
   4.72260427    
   4.77874613    
   4.83153963    
   4.88094759    
   4.92693520    
   4.96947145    
   5.00852537    
   5.04406977    
   5.07607985    
   5.10453320    
   5.12941027    
   5.15069294    
   5.16836691    
   5.18241930    
   5.19284010    
   5.19962263    
   5.20276213    
   5.20225620    
   5.19810486    
   5.19031143    
   5.17888165    
   5.16382265    
   5.14514542    
   5.12286282    
   5.09699154    
   5.06754827    
   5.03455448    
   4.99803305    
   4.95800972    
   4.91451263    
   4.86757135    
   4.81722021    
   4.76349306    
   4.70642853    
   4.64606619    
   4.58244848    
   4.51562023    
   4.44562817    
   4.37252045    
   4.29634953    
   4.21716785    
   4.13503122    
   4.04999781    
   3.96212602    
   3.87147832    
   3.77811813    
   3.68211031    
   3.58352280    
   3.48242426    
   3.37888551    
   3.27297950    
   3.16478014    
   3.05436325    
   2.94180608    
   2.82718801    
   2.71058869    
   2.59209013    
   2.47177553    
   2.34972882    
   2.22603559    
   2.10078287    
   1.97405815    
   1.84595013    
   1.71654880    
   1.58594453    
   1.45422924    
   1.32149494    
   1.18783462    
   1.05334210    
  0.918111444    
  0.782237530    
  0.645815492    
  0.508940935    
  0.371709794    
  0.234218210    
   9.65625122E-02
  -4.11608480E-02
 -0.178855360    
 -0.316424578    
 -0.453772038    
 -0.590801597    
 -0.727417171    
 -0.863523066    
 -0.999023855    
  -1.13382471    
  -1.26783109    
  -1.40094924    
  -1.53308558    
  -1.66414773    
  -1.79404402    
  -1.92268324    
  -2.04997492    
  -2.17583060    
  -2.30016160    
  -2.42288089    
  -2.54390264    
  -2.66314197    
  -2.78051519    
  -2.89594007    
  -3.00933599    
  -3.12062287    
  -3.22972393    
  -3.33656168    
  -3.44106126    
  -3.54314995    
  -3.64275622    
  -3.73980975    
  -3.83424330    
  -3.92598963    
  -4.01498556    
  -4.10116816    
  -4.18447733    
  -4.26485443    
  -4.34224319    
  -4.41658926    
  -4.48784113    
  -4.55594826    
  -4.62086248    
  -4.68253994    
  -4.74093580    
  -4.79601002    
  -4.84772396    
  -4.89604092    
  -4.94092703    
  -4.98235178    
  -5.02028513    
  -5.05470133    
  -5.08557510    
  -5.11288595    
  -5.13661432    
  -5.15674305    
  -5.17325878    
  -5.18615007    
  -5.19540739    
  -5.20102406    
  -5.20299673    
  -5.20132399    
  -5.19600630    
  -5.18704844    
  -5.17445564    
  -5.15823746    
  -5.13840485    
  -5.11497211    
  -5.08795500    
  -5.05737305    
  -5.02324772    
  -4.98560286    
  -4.94446373    
  -4.89986086    
  -4.85182476    
  -4.80038881    
  -4.74558926    
  -4.68746519    
  -4.62605619    
  -4.56140566    
  -4.49355936    
  -4.42256451    
  -4.34847069    
  -4.27133036    
  -4.19119644    
  -4.10812664    
  -4.02217770    
  -3.93341088    
  -3.84188795    
  -3.74767303    
  -3.65083218    
  -3.55143332    
  -3.44954610    
  -3.34524202    
  -3.23859334    
  -3.12967610    
  -3.01856542    
  -2.90534019    
  -2.79007888    
  -2.67286277    
  -2.55377388    
  -2.43289566    
  -2.31031251    
  -2.18611073    
  -2.06037736    
  -1.93320012    
  -1.80466843    
  -1.67487192    
  -1.54390228    
  -1.41185069    
  -1.27880979    
  -1.14487278    
  -1.01013374    
 -0.874686956    
 -0.738627195    
 -0.602049887    
 -0.465050787    
 -0.327725828    
 -0.190171212    
  -5.24833500E-02
   8.52412805E-02
  0.222906172    
  0.360414922    
  0.497671068    
  0.634578526    
  0.771041393    
  0.906964004    
   1.04225099    
   1.17680788    
   1.31054008    
   1.44335401    
   1.57515669    
   1.70585573    
   1.83535933    
   1.96357703    
   2.09041882    
   2.21579599    
   2.33962083    
   2.46180582    
   2.58226609    
   2.70091701    
   2.81767559    
   2.93245983    
   3.04518914    
   3.15578532    
   3.26416993    
   3.37026739    
   3.47400308    
   3.57530499    
   3.67410159    
   3.77032399    
   3.86390424    
   3.95477748    
   4.04287958    
   4.12814903    
   4.21052599    
   4.28995228    
   4.36637306    
   4.43973446    
   4.50998449    
   4.57707500    
   4.64095879    
   4.70159006    
   4.75892735    
   4.81293011    
   4.86356020    
   4.91078281    
   4.95456457    
   4.99487448    
   5.03168488    
   5.06496954    
   5.09470558    
   5.12087154    
   5.14344931    
   5.16242313    
   5.17778015    
   5.18950891    
   5.19760132    
   5.20205212    
   5.20285845    
   5.20001841    
   5.19353533    
   5.18341303    
   5.16965866    
   5.15228224    
   5.13129568    
   5.10671377    
   5.07855368    
   5.04683495    
   5.01157999    
   4.97281361    
   4.93056345    
   4.88485765    
   4.83572960    
   4.78321314    
   4.72734547    
   4.66816473    
   4.60571384    
   4.54003525    
   4.47117615    
   4.39918375    
   4.32410860    
   4.24600410    
   4.16492462    
   4.08092690    
   3.99406934    
   3.90441346    
   3.81202197    
   3.71695924    
   3.61929202    
   3.51908898    
   3.41642046    
   3.31135798    
   3.20397496    
   3.09434724    
   2.98255134    
   2.86866546    
   2.75276971    
   2.63494515    
   2.51527429    
   2.39384127    
   2.27073073    
   2.14602900    
   2.01982379    
   1.89220321    
   1.76325691    
   1.63307512    
   1.50174892    
   1.36937058    
   1.23603284    
   1.10182893    
  0.966853023    
  0.831199646    
  0.694963872    
  0.558241129    
  0.421127260    
  0.283718288    
  0.146110550    
   8.40042159E-03
 -0.129315585    
 -0.266941011    
 -0.404379338    
 -0.541534364    
 -0.678309977    
 -0.814610243    
 -0.950339735    
  -1.08540344    
  -1.21970654    
  -1.35315502    
  -1.48565543    
  -1.61711478    
  -1.74744105    
  -1.87654293    
  -2.00432992    
  -2.13071275    
  -2.25560236    
  -2.37891173    
  -2.50055408    
  -2.62044454    
  -2.73849869    
  -2.85463428    
  -2.96876931    
  -3.08082414    
  -3.19072056    
  -3.29838133    
  -3.40373111    
  -3.50669575    
  -3.60720348    
  -3.70518327    
  -3.80056763    
  -3.89328837    
  -3.98328137    
  -4.07048321    
  -4.15483332    
  -4.23627186    
  -4.31474257    
  -4.39018965    
  -4.46256065    
  -4.53180504    
  -4.59787369    
  -4.66072130    
  -4.72030258    
  -4.77657700    
  -4.82950401    
  -4.87904739    
  -4.92517185    
  -4.96784592    
  -5.00703859    
  -5.04272318    
  -5.07487440    
  -5.10346985    
  -5.12848949    
  -5.14991522    
  -5.16773272    
  -5.18192959    
  -5.19249535    
  -5.19942284    
  -5.20270681    
  -5.20234585    
  -5.19833946    
  -5.19069099    
  -5.17940521    
  -5.16449070    
  -5.14595699    
  -5.12381792    
  -5.09808874    
  -5.06878757    
  -5.03593445    
  -4.99955273    
  -4.95966816    
  -4.91630983    
  -4.86950731    
  -4.81929302    
  -4.76570177    
  -4.70877218    
  -4.64854288    
  -4.58505726    
  -4.51835871    
  -4.44849491    
  -4.37551403    
  -4.29946756    
  -4.22040844    
  -4.13839293    
  -4.05347776    
  -3.96572256    
  -3.87518883    
  -3.78193998    
  -3.68604159    
  -3.58756042    
  -3.48656583    
  -3.38312840    
  -3.27732086    
  -3.16921711    
  -3.05889273    
  -2.94642496    
  -2.83189321    
  -2.71537709    
  -2.59695864    
  -2.47672081    
  -2.35474753    
  -2.23112464    
  -2.10593843    
  -1.97927678    
  -1.85122836    
  -1.72188294    
  -1.59133101    
  -1.45966411    
  -1.32697475    
  -1.19335556    
  -1.05890024    
 -0.923703074    
 -0.787858725    
 -0.651462317    
 -0.514609516    
 -0.377396196    
 -0.239918411    
 -0.102272570    
   3.54449414E-02
  0.173137620    
  0.310709000    
  0.448062688    
  0.585102439    
  0.721732199    
  0.857856333    
  0.993379474    
   1.12820661    
   1.26224327    
   1.39539552    
   1.52757025    
   1.65867460    
   1.78861690    
   1.91730595    
   2.04465175    
   2.17056489    
   2.29495740    
   2.41774201    
   2.53883266    
   2.65814424    
   2.77559376    
   2.89109874    
   3.00457811    
   3.11595178    
   3.22514296    
   3.33207440    
   3.43667102    
   3.53886008    
   3.63856959    
   3.73572993    
   3.83027267    
   3.92213202    
   4.01124334    
   4.09754419    
   4.18097448    
   4.26147509    
   4.33899021    
   4.41346502    
   4.48484802    
   4.55308819    
   4.61813927    
   4.67995405    
   4.73849010    
   4.79370594    
   4.84556341    
   4.89402628    
   4.93905973    
   4.98063278    
   5.01871681    
   5.05328369    
   5.08431053    
   5.11177540    
   5.13565874    
   5.15594339    
   5.17261600    
   5.18566465    
   5.19507980    
   5.20085573    
   5.20298719    
   5.20147324    
   5.19631529    
   5.18751621    
   5.17508268    
   5.15902376    
   5.13934994    
   5.11607552    
   5.08921671    
   5.05879211    
   5.02482271    
   4.98733330    
   4.94634962    
   4.90190029    
   4.85401630    
   4.80273199    
   4.74808264    
   4.69010639    
   4.62884378    
   4.56433868    
   4.49663544    
   4.42578173    
   4.35182714    
   4.27482319    
   4.19482470    
   4.11188698    
   4.02606869    
   3.93742919    
   3.84603095    
   3.75193834    
   3.65521693    
   3.55593491    
   3.45416093    
   3.34996700    
   3.24342608    
   3.13461256    
   3.02360320    
   2.91047525    
   2.79530787    
   2.67818236    
   2.55918026    
   2.43838501    
   2.31588149    
   2.19175553    
   2.06609392    
   1.93898463    
   1.81051683    
   1.68078065    
   1.54986668    
   1.41786706    
   1.28487384    
   1.15098047    
   1.01628065    
  0.880868852    
  0.744839847    
  0.608289003    
  0.471311986    
  0.334004730    
  0.196463466    
   5.87845668E-02
  -7.89355263E-02
 -0.216600314    
 -0.354113340    
 -0.491378248    
 -0.628298938    
 -0.764779389    
 -0.900724053    
  -1.03603756    
  -1.17062521    
  -1.30439270    
  -1.43724632    
  -1.56909287    
  -1.69984019    
  -1.82939649    
  -1.95767105    
  -2.08457398    
  -2.21001649    
  -2.33391047    
  -2.45616937    
  -2.57670736    
  -2.69544005    
  -2.81228399    
  -2.92715788    
  -3.03998113    
  -3.15067410    
  -3.25915956    
  -3.36536169    
  -3.46920609    
  -3.57061934    
  -3.66953158    
  -3.76587248    
  -3.85957503    
  -3.95057344    
  -4.03880358    
  -4.12420464    
  -4.20671558    
  -4.28627920    
  -4.36284018    
  -4.43634415    
  -4.50674009    
  -4.57397842    
  -4.63801193    
  -4.69879580    
  -4.75628757    
  -4.81044722    
  -4.86123657    
  -4.90861988    
  -4.95256376    
  -4.99303818    
  -5.03001404    
  -5.06346560    
  -5.09336996    
  -5.11970568    
  -5.14245415    
  -5.16159964    
  -5.17712879    
  -5.18903112    
  -5.19729710    
  -5.20192242    
  -5.20290279    
  -5.20023775    
  -5.19392967    
  -5.18398190    
  -5.17040253    
  -5.15320063    
  -5.13238811    
  -5.10797977    
  -5.07999277    
  -5.04844618    
  -5.01336288    
  -4.97476673    
  -4.93268585    
  -4.88714838    
  -4.83818674    
  -4.78583527    
  -4.73013115    
  -4.67111254    
  -4.60882139    
  -4.54330111    
  -4.47459793    
  -4.40275955    
  -4.32783604    
  -4.24988079    
  -4.16894770    
  -4.08509398    
  -3.99837804    
  -3.90886068    
  -3.81660461    
  -3.72167468    
  -3.62413692    
  -3.52406025    
  -3.42151451    
  -3.31657124    
  -3.20930481    
  -3.09978938    
  -2.98810244    
  -2.87432170    
  -2.75852728    
  -2.64080048    
  -2.52122283    
  -2.39987898    
  -2.27685380    
  -2.15223336    
  -2.02610493    
  -1.89855707    
  -1.76967895    
  -1.63956094    
  -1.50829422    
  -1.37597060    
  -1.24268317    
  -1.10852492    
 -0.973590076    
 -0.837973058    
 -0.701768994    
 -0.565073192    
 -0.427981496    
 -0.290589929    
 -0.152994782    
  -1.52924517E-02
  0.122420594    
  0.260047883    
  0.397492945    
  0.534659564    
  0.671451509    
  0.807773113    
  0.943528652    
   1.07862318    
   1.21296203    
   1.34645092    
   1.47899663    
   1.61050594    
   1.74088705    
   1.87004828    
   1.99789953    
   2.12435079    
   2.24931359    
   2.37270069    
   2.49442530    
   2.61440206    
   2.73254752    
   2.84877825    
   2.96301293    
   3.07517171    
   3.18517590    
   3.29294825    
   3.39841413    
   3.50149822    
   3.60212946    
   3.70023680    
   3.79575205    
   3.88860750    
   3.97873855    
   4.06608200    
   4.15057659    
   4.23216295    
   4.31078434    
   4.38638544    
   4.45891333    
   4.52831745    
   4.59454823    
   4.65756035    
   4.71730947    
   4.77375317    
   4.82685232    
   4.87656975    
   4.92287016    
   4.96572208    
   5.00509405    
   5.04095984    
   5.07329416    
   5.10207319    
   5.12727785    
   5.14889002    
   5.16689539    
   5.18128014    
   5.19203424    
   5.19915152    
   5.20262575    
   5.20245504    
   5.19863892    
   5.19118118    
   5.18008566    
   5.16536093    
   5.14701748    
   5.12506771    
   5.09952736    
   5.07041359    
   5.03774786    
   5.00155258    
   4.96185255    
   4.91867685    
   4.87205458    
   4.82201862    
   4.76860428    
   4.71184921    
   4.65179253    
   4.58847666    
   4.52194643    
   4.45224762    
   4.37942934    
   4.30354309    
   4.22464132    
   4.14277935    
   4.05801535    
   3.97040820    
   3.88001919    
   3.78691149    
   3.69115090    
   3.59280372    
   3.49193978    
   3.38862896    
   3.28294420    
   3.17495918    
   3.06474972    
   2.95239305    
   2.83796787    
   2.72155428    
   2.60323358    
   2.48308945    
   2.36120534    
   2.23766685    
   2.11256075    
   1.98597443    
   1.85799682    
   1.72871745    
   1.59822667    
   1.46661615    
   1.33397818    
   1.20040560    
   1.06599200    
  0.930831432    
  0.795018792    
  0.658649027    
  0.521817863    
  0.384621084    
  0.247154832    
  0.109515414    
  -2.82007288E-02
 -0.165897131    
 -0.303477257    
 -0.440844804    
 -0.577903450    
 -0.714557230    
 -0.850710332    
 -0.986267388    
  -1.12113357    
  -1.25521410    
  -1.38841522    
  -1.52064359    
  -1.65180659    
  -1.78181231    
  -1.91056943    
  -2.03798819    
  -2.16397905    
  -2.28845358    
  -2.41132498    
  -2.53250670    
  -2.65191436    
  -2.76946378    
  -2.88507271    
  -2.99866056    
  -3.11014724    
  -3.21945500    
  -3.32650733    
  -3.43122888    
  -3.53354621    
  -3.63338780    
  -3.73068380    
  -3.82536626    
  -3.91736817    
  -4.00662565    
  -4.09307575    
  -4.17665815    
  -4.25731468    
  -4.33498812    
  -4.40962410    
  -4.48117065    
  -4.54957819    
  -4.61479759    
  -4.67678356    
  -4.73549318    
  -4.79088497    
  -4.84292030    
  -4.89156199    
  -4.93677664    
  -4.97853327    
  -5.01680088    
  -5.05155373    
  -5.08276749    
  -5.11041975    
  -5.13449192    
  -5.15496683    
  -5.17182922    
  -5.18506861    
  -5.19467545    
  -5.20064259    
  -5.20296574    
  -5.20164347    
  -5.19667721    
  -5.18806982    
  -5.17582750    
  -5.15995884    
  -5.14047480    
  -5.11738920    
  -5.09071827    
  -5.06048107    
  -5.02669764    
  -4.98939276    
  -4.94859171    
  -4.90432453    
  -4.85662031    
  -4.80551338    
  -4.75103998    
  -4.69323778    
  -4.63214731    
  -4.56781197    
  -4.50027514    
  -4.42958641    
  -4.35579348    
  -4.27894878    
  -4.19910669    
  -4.11632204    
  -4.03065348    
  -3.94216108    
  -3.85090637    
  -3.75695372    
  -3.66036892    
  -3.56121969    
  -3.45957518    
  -3.35550666    
  -3.24908733    
  -3.14039183    
  -3.02949572    
  -2.91647744    
  -2.80141521    
  -2.68439054    
  -2.56548524    
  -2.44478226    
  -2.32236648    
  -2.19832373    
  -2.07274055    
  -1.94570529    
  -1.81730664    
  -1.68763494    
  -1.55678070    
  -1.42483580    
  -1.29189253    
  -1.15804422    
  -1.02338445    
 -0.888007760    
 -0.752008796    
 -0.615483046    
 -0.478526056    
 -0.341233820    
 -0.203702450    
  -6.60283864E-02
   7.16919377E-02
  0.209362045    
  0.346885443    
  0.484165847    
  0.621106982    
  0.757612944    
  0.893588185    
   1.02893722    
   1.16356552    
   1.29737842    
   1.43028247    
   1.56218433    
   1.69299173    
   1.82261300    
   1.95095730    
   2.07793450    
   2.20345592    
   2.32743359    
   2.44978070    
   2.57041121    
   2.68924093    
   2.80618644    
   2.92116618    
   3.03409886    
   3.14490581    
   3.25350928    
   3.35983348    
   3.46380377    
   3.56534696    
   3.66439223    
   3.76086998    
   3.85471296    
   3.94585514    
   4.03423262    
   4.11978388    
   4.20244837    
   4.28216887    
   4.35888863    
   4.43255520    
   4.50311565    
   4.57052088    
   4.63472414    
   4.69568062    
   4.75334644    
   4.80768251    
   4.85864925    
   4.90621281    
   4.95033836    
   4.99099588    
   5.02815676    
   5.06179476    
   5.09188557    
   5.11840916    
   5.14134741    
   5.16068268    
   5.17640257    
   5.18849516    
   5.19695330    
   5.20176983    
   5.20294189    
   5.20046902    
   5.19435215    
   5.18459558    
   5.17120743    
   5.15419579    
   5.13357306    
   5.10935307    
   5.08155394    
   5.05019426    
   5.01529598    
   4.97688437    
   4.93498564    
   4.88962936    
   4.84084702    
   4.78867292    
   4.73314381    
   4.67429924    
   4.61217880    
   4.54682732    
   4.47829008    
   4.40661526    
   4.33185339    
   4.25405598    
   4.17327833    
   4.08957672    
   4.00300980    
   3.91363811    
   3.82152462    
   3.72673345    
   3.62933135    
   3.52938652    
   3.42696881    
   3.32215023    
   3.21500349    
   3.10560489    
   2.99403024    
   2.88035774    
   2.76466727    
   2.64703965    
   2.52755737    
   2.40630436    
   2.28336549    
   2.15882683    
   2.03277564    
   1.90530002    
   1.77648962    
   1.64643466    
   1.51522589    
   1.38295567    
   1.24971664    
   1.11560190    
  0.980705500    
  0.845121980    
  0.708946466    
  0.572274089    
  0.435200870    
  0.297822684    
  0.160235852    
   2.25367527E-02
 -0.115178138    
 -0.252812356    
 -0.390269399    
 -0.527453065    
 -0.664267123    
 -0.800615788    
 -0.936403513    
  -1.07153523    
  -1.20591617    
  -1.33945215    
  -1.47204971    
  -1.60361600    
  -1.73405862    
  -1.86328626    
  -1.99120855    
  -2.11773562    
  -2.24277902    
  -2.36625123    
  -2.48806524    
  -2.60813642    
  -2.72638011    
  -2.84271336    
  -2.95705509    
  -3.06932521    
  -3.17944455    
  -3.28733635    
  -3.39292526    
  -3.49613667    
  -3.59689856    
  -3.69514060    
  -3.79079342    
  -3.88379049    
  -3.97406650    
  -4.06155825    
  -4.14620399    
  -4.22794485    
  -4.30672359    
  -4.38248491    
  -4.45517588    
  -4.52474546    
  -4.59114456    
  -4.65432692    
  -4.71424866    
  -4.77086735    
  -4.82414341    
  -4.87403917    
  -4.92052031    
  -4.96355438    
  -5.00311041    
  -5.03916121    
  -5.07168150    
  -5.10064840    
  -5.12604141    
  -5.14784336    
  -5.16603804    
  -5.18061352    
  -5.19155931    
  -5.19886780    
  -5.20253372    
  -5.20255470    
  -5.19893074    
  -5.19166374    
  -5.18075991    
  -5.16622591    
  -5.14807224    
  -5.12631178    
  -5.10095978    
  -5.07203388    
  -5.03955460    
  -5.00354433    
  -4.96402788    
  -4.92103386    
  -4.87459230    
  -4.82473516    
  -4.77149773    
  -4.71491718    
  -4.65503311    
  -4.59188795    
  -4.52552509    
  -4.45599174    
  -4.38333654    
  -4.30761003    
  -4.22886562    
  -4.14715862    
  -4.06254530    
  -3.97508621    
  -3.88484192    
  -3.79187584    
  -3.69625282    
  -3.59804010    
  -3.49730659    
  -3.39412308    
  -3.28856134    
  -3.18069530    
  -3.07060099    
  -2.95835519    
  -2.84403658    
  -2.72772574    
  -2.60950375    
  -2.48945308    
  -2.36765838    
  -2.24420476    
  -2.11917901    
  -1.99266851    
  -1.86476171    
  -1.73554850    
  -1.60511923    
  -1.47356546    
  -1.34097922    
  -1.20745337    
  -1.07308161    
 -0.937958002    
 -0.802177250    
 -0.665834486    
 -0.529025197    
 -0.391845226    
 -0.254390746    
 -0.116758049    
   2.09564622E-02
  0.158656299    
  0.296244979    
  0.433626086    
  0.570703387    
  0.707380831    
  0.843562722    
  0.979153514    
   1.11405826    
   1.24818254    
   1.38143218    
   1.51371408    
   1.64493537    
   1.77500415    
   1.90382946    
   2.03132081    
   2.15738893    
   2.28194547    
   2.40490317    
   2.52617598    
   2.64567900    
   2.76332808    
   2.87904143    
   2.99273753    
   3.10433674    
   3.21376085    
   3.32093382    
   3.42577958    
   3.52822542    
   3.62819910    
   3.72563076    
   3.82045197    
   3.91259670    
   4.00199986    
   4.08859968    
   4.17233419    
   4.25314569    
   4.33097792    
   4.40577507    
   4.47748518    
   4.54605865    
   4.61144733    
   4.67360449    
   4.73248768    
   4.78805494    
   4.84026718    
   4.88908863    
   4.93448448    
   4.97642326    
   5.01487494    
   5.04981375    
   5.08121395    
   5.10905457    
   5.13331509    
   5.15397978    
   5.17103243    
   5.18446255    
   5.19426060    
   5.20041943    
   5.20293427    
   5.20180416    
   5.19702911    
   5.18861294    
   5.17656183    
   5.16088343    
   5.14158964    
   5.11869335    
   5.09221029    
   5.06216002    
   5.02856255    
   4.99144220    
   4.95082474    
   4.90673876    
   4.85921478    
   4.80828619    
   4.75398874    
   4.69636106    
   4.63544226    
   4.57127571    
   4.50390673    
   4.43338203    
   4.35975170    
   4.28306627    
   4.20338011    
   4.12074852    
   4.03523064    
   3.94688511    
   3.85577416    
   3.76196194    
   3.66551399    
   3.56649756    
   3.46498275    
   3.36104012    
   3.25474238    
   3.14616466    
   3.03538251    
   2.92247367    
   2.80751729    
   2.69059372    
   2.57178521    
   2.45117474    
   2.32884693    
   2.20488739    
   2.07938313    
   1.95242214    
   1.82409310    
   1.69448602    
   1.56369162    
   1.43180180    
   1.29890883    
   1.16510570    
   1.03048635    
  0.895144939    
  0.759176373    
  0.622675955    
  0.485739261    
  0.348462224    
  0.210941046    
   7.32720941E-02
  -6.44482076E-02
 -0.202123359    
 -0.339656860    
 -0.476952463    
 -0.613913834    
 -0.750445127    
 -0.886450589    
  -1.02183509    
  -1.15650344    
  -1.29036164    
  -1.42331588    
  -1.55527270    
  -1.68613994    
  -1.81582582    
  -1.94423950    
  -2.07129097    
  -2.19689131    
  -2.32095218    
  -2.44338727    
  -2.56411028    
  -2.68303657    
  -2.80008364    
  -2.91516829    
  -3.02821088    
  -3.13913178    
  -3.24785304    
  -3.35429907    
  -3.45839453    
  -3.56006718    
  -3.65924573    
  -3.75586033    
  -3.84984350    
  -3.94112921    
  -4.02965403    
  -4.11535501    
  -4.19817305    
  -4.27804947    
  -4.35492897    
  -4.42875719    
  -4.49948215    
  -4.56705475    
  -4.63142776    
  -4.69255543    
  -4.75039577    
  -4.80490780    
  -4.85605288    
  -4.90379620    
  -4.94810390    
  -4.98894453    
  -5.02628946    
  -5.06011343    
  -5.09039164    
  -5.11710358    
  -5.14023018    
  -5.15975571    
  -5.17566586    
  -5.18794966    
  -5.19659901    
  -5.20160723    
  -5.20297146    
  -5.20068979    
  -5.19476461    
  -5.18519974    
  -5.17200184    
  -5.15518045    
  -5.13474751    
  -5.11071634    
  -5.08310509    
  -5.05193186    
  -5.01721954    
  -4.97899151    
  -4.93727589    
  -4.89210033    
  -4.84349775    
  -4.79150152    
  -4.73614788    
  -4.67747641    
  -4.61552715    
  -4.55034494    
  -4.48197365    
  -4.41046286    
  -4.33586168    
  -4.25822306    
  -4.17760038    
  -4.09405136    
  -4.00763369    
  -3.91840816    
  -3.82643700    
  -3.73178530    
  -3.63451862    
  -3.53470588    
  -3.43241644    
  -3.32772207    
  -3.22069645    
  -3.11141419    
  -2.99995184    
  -2.88638759    
  -2.77080154    
  -2.65327382    
  -2.53388715    
  -2.41272497    
  -2.28987288    
  -2.16541600    
  -2.03944206    
  -1.91203928    
  -1.78329682    
  -1.65330505    
  -1.52215493    
  -1.38993812    
  -1.25674772    
  -1.12267661    
 -0.987819016    
 -0.852269351    
 -0.716122568    
 -0.579473972    
 -0.442419410    
 -0.305054873    
 -0.167476594    
  -2.97810063E-02
  0.107935458    
  0.245576307    
  0.383045107    
  0.520245492    
  0.657081425    
  0.793456972    
  0.929276586    
   1.06444514    
   1.19886792    
   1.33245063    
   1.46510005    
   1.59672272    
   1.72722673    
   1.85652065    
   1.98451376    
   2.11111665    
   2.23624015    
   2.35979700    
   2.48170042    
   2.60186529    
   2.72020698    
   2.83664298    
   2.95109177    
   3.06347251    
   3.17370701    
   3.28171778    
   3.38742971    
   3.49076796    
   3.59166074    
   3.69003701    
   3.78582764    
   3.87896609    
   3.96938682    
   4.05702639    
   4.14182329    
   4.22371864    
   4.30265427    
   4.37857580    
   4.45142984    
   4.52116442    
   4.58773184    
   4.65108442    
   4.71117830    
   4.76797199    
   4.82142496    
   4.87149954    
   4.91816139    
   4.96137714    
   5.00111675    
   5.03735304    
   5.07005930    
   5.09921360    
   5.12479496    
   5.14678621    
   5.16517115    
   5.17993736    
   5.19107437    
   5.19857407    
   5.20243216    
   5.20264435    
   5.19921207    
   5.19213676    
   5.18142366    
   5.16708088    
   5.14911747    
   5.12754631    
   5.10238266    
   5.07364416    
   5.04135084    
   5.00552607    
   4.96619368    
   4.92338181    
   4.87712049    
   4.82744217    
   4.77438164    
   4.71797562    
   4.65826464    
   4.59528971    
   4.52909517    
   4.45972776    
   4.38723516    
   4.31166935    
   4.23308229    
   4.15152884    
   4.06706762    
   3.97975659    
   3.88965726    
   3.79683232    
   3.70134783    
   3.60326982    
   3.50266719    
   3.39961052    
   3.29417181    
   3.18642545    
   3.07644629    
   2.96431160    
   2.85010028    
   2.73389220    
   2.61576843    
   2.49581194    
   2.37410712    
   2.25073862    
   2.12579322    
   1.99935842    
   1.87152302    
   1.74237609    
   1.61200869    
   1.48051167    
   1.34797740    
   1.21449876    
   1.08016920    
  0.945082784    
  0.809334219    
  0.673018575    
  0.536231458    
  0.399068654    
  0.261626184    
  0.124000460    
  -1.37121538E-02
 -0.151415154    
 -0.289012074    
 -0.426406533    
 -0.563502192    
 -0.700203061    
 -0.836413383    
 -0.972037673    
  -1.10698080    
  -1.24114847    
  -1.37444651    
  -1.50678158    
  -1.63806105    
  -1.76819277    
  -1.89708567    
  -2.02464938    
  -2.15079451    
  -2.27543283    
  -2.39847684    
  -2.51984048    
  -2.63943863    
  -2.75718737    
  -2.87300444    
  -2.98680854    
  -3.09852028    
  -3.20806098    
  -3.31535387    
  -3.42032385    
  -3.52289748    
