   0.00000000    
  0.137712136    
  0.275327802    
  0.412750542    
  0.549884081    
  0.686632335    
  0.822899520    
  0.958590090    
   1.09360909    
   1.22786176    
   1.36125398    
   1.49369252    
   1.62508452    
   1.75533783    
   1.88436127    
   2.01206446    
   2.13835764    
   2.26315284    
   2.38636208    
   2.50789928    
   2.62767911    
   2.74561787    
   2.86163306    
   2.97564292    
   3.08756828    
   3.19732976    
   3.30485129    
   3.41005707    
   3.51287341    
   3.61322856    
   3.71105218    
   3.80627537    
   3.89883161    
   3.98865628    
   4.07568598    
   4.15986013    
   4.24111938    
   4.31940746    
   4.39466906    
   4.46685076    
   4.53590345    
   4.60177755    
   4.66442728    
   4.72380877    
   4.77988100    
   4.83260393    
   4.88194036    
   4.92785645    
   4.97031975    
   5.00930023    
   5.04477119    
   5.07670736    
   5.10508633    
   5.12988853    
   5.15109634    
   5.16869497    
   5.18267202    
   5.19301796    
   5.19972467    
   5.20278883    
   5.20220709    
   5.19798088    
   5.19011211    
   5.17860651    
   5.16347313    
   5.14472151    
   5.12236547    
   5.09641981    
   5.06690359    
   5.03383684    
   4.99724340    
   4.95714855    
   4.91358042    
   4.86656952    
   4.81614828    
   4.76235294    
   4.70522022    
   4.64479160    
   4.58110809    
   4.51421499    
   4.44415808    
   4.37098837    
   4.29475546    
   4.21551323    
   4.13331795    
   4.04822636    
   3.96029782    
   3.86959481    
   3.77618051    
   3.68012023    
   3.58148146    
   3.48033333    
   3.37674665    
   3.27079415    
   3.16254950    
   3.05208921    
   2.93949032    
   2.82483196    
   2.70819402    
   2.58965898    
   2.46930909    
   2.34722924    
   2.22350478    
   2.09822249    
   1.97146976    
   1.84333575    
   1.71391022    
   1.58328378    
   1.45154798    
   1.31879508    
   1.18511832    
   1.05061114    
  0.915367723    
  0.779483020    
  0.643052101    
  0.506170630    
  0.368934482    
  0.231439874    
   9.37830955E-02
  -4.39393967E-02
 -0.181631103    
 -0.319195539    
 -0.456536323    
 -0.593557239    
 -0.730162263    
 -0.866255701    
  -1.00174212    
  -1.13652670    
  -1.27051497    
  -1.40361297    
  -1.53572750    
  -1.66676617    
  -1.79663682    
  -1.92524862    
  -2.05251145    
  -2.17833638    
  -2.30263495    
  -2.42531991    
  -2.54630566    
  -2.66550732    
  -2.78284144    
  -2.89822531    
  -3.01157880    
  -3.12282228    
  -3.23187733    
  -3.33866835    
  -3.44311976    
  -3.54515886    
  -3.64471412    
  -3.74171519    
  -3.83609486    
  -3.92778659    
  -4.01672697    
  -4.10285330    
  -4.18610430    
  -4.26642227    
  -4.34375143    
  -4.41803646    
  -4.48922586    
  -4.55727005    
  -4.62212133    
  -4.68373346    
  -4.74206352    
  -4.79707146    
  -4.84871817    
  -4.89696693    
  -4.94178486    
  -4.98314047    
  -5.02100420    
  -5.05534983    
  -5.08615303    
  -5.11339283    
  -5.13704967    
  -5.15710688    
  -5.17355061    
  -5.18636990    
  -5.19555473    
  -5.20109892    
  -5.20299911    
  -5.20125389    
  -5.19586372    
  -5.18683338    
  -5.17416859    
  -5.15787840    
  -5.13797426    
  -5.11446953    
  -5.08738136    
  -5.05672884    
  -5.02253342    
  -4.98481846    
  -4.94361067    
  -4.89893913    
  -4.85083485    
  -4.79933214    
  -4.74446583    
  -4.68627548    
  -4.62480164    
  -4.56008768    
  -4.49217796    
  -4.42112112    
  -4.34696627    
  -4.26976585    
  -4.18957329    
  -4.10644531    
  -4.02043962    
  -3.93161750    
  -3.84004021    
  -3.74577260    
  -3.64888024    
  -3.54943132    
  -3.44749498    
  -3.34314370    
  -3.23644924    
  -3.12748742    
  -3.01633406    
  -2.90306759    
  -2.78776670    
  -2.67051268    
  -2.55138731    
  -2.43047428    
  -2.30785823    
  -2.18362522    
  -2.05786180    
  -1.93065691    
  -1.80209911    
  -1.67227852    
  -1.54128635    
  -1.40921426    
  -1.27615464    
  -1.14220095    
  -1.00744677    
 -0.871986866    
 -0.735915899    
 -0.599329293    
 -0.462322772    
 -0.324992269    
 -0.187434062    
  -4.97445390E-02
   8.79798383E-02
  0.225642592    
  0.363147229    
  0.500397384    
  0.637296975    
  0.773750007    
  0.909660816    
   1.04493439    
   1.17947567    
   1.31319058    
   1.44598520    
   1.57776690    
   1.70844293    
   1.83792210    
   1.96611321    
   2.09292674    
   2.21827388    
   2.34206676    
   2.46421862    
   2.58464360    
   2.70325780    
   2.81997800    
   2.93472195    
   3.04740977    
   3.15796232    
   3.26630235    
   3.37235355    
   3.47604156    
   3.57729411    
   3.67604041    
   3.77221084    
   3.86573792    
   3.95655704    
   4.04460335    
   4.12981558    
   4.21213436    
   4.29150152    
   4.36786175    
   4.44116211    
   4.51134968    
   4.57837725    
   4.64219618    
   4.70276260    
   4.76003361    
   4.81396961    
   4.86453295    
   4.91168690    
   4.95539999    
   4.99564075    
   5.03238106    
   5.06559563    
   5.09526062    
   5.12135553    
   5.14386177    
   5.16276407    
   5.17804861    
   5.18970537    
   5.19772530    
   5.20210361    
   5.20283747    
   5.19992542    
   5.19336939    
   5.18317461    
   5.16934824    
   5.15190029    
   5.13084173    
   5.10618830    
   5.07795715    
   5.04616833    
   5.01084328    
   4.97200727    
   4.92968798    
   4.88391399    
   4.83471823    
   4.78213453    
   4.72620058    
   4.66695452    
   4.60443878    
   4.53869677    
   4.46977425    
   4.39772034    
   4.32258511    
   4.24442101    
   4.16328239    
   4.07922745    
   3.99231339    
   3.90260267    
   3.81015706    
   3.71504211    
   3.61732388    
   3.51707101    
   3.41435409    
   3.30924463    
   3.20181656    
   3.09214473    
   2.98030663    
   2.86637998    
   2.75044537    
   2.63258314    
   2.51287627    
   2.39140892    
   2.26826596    
   2.14353371    
   2.01729941    
   1.88965166    
   1.76067972    
   1.63047433    
   1.49912643    
   1.36672807    
   1.23337221    
   1.09915197    
  0.964161634    
  0.828495741    
  0.692249358    
  0.555517912    
  0.418397248    
  0.280983388    
  0.143372655    
   5.66147966E-03
 -0.132053673    
 -0.269676298    
 -0.407109976    
 -0.544258356    
 -0.681025445    
 -0.817315280    
 -0.953032553    
  -1.08808196    
  -1.22236896    
  -1.35579944    
  -1.48828018    
  -1.61971784    
  -1.75002062    
  -1.87909746    
  -2.00685740    
  -2.13321114    
  -2.25807023    
  -2.38134742    
  -2.50295568    
  -2.62281013    
  -2.74082708    
  -2.85692358    
  -2.97101808    
  -3.08303118    
  -3.19288373    
  -3.30049920    
  -3.40580201    
  -3.50871849    
  -3.60917664    
  -3.70710588    
  -3.80243754    
  -3.89510489    
  -3.98504305    
  -4.07218885    
  -4.15648127    
  -4.23786163    
  -4.31627274    
  -4.39165926    
  -4.46396828    
  -4.53315020    
  -4.59915543    
  -4.66193771    
  -4.72145414    
  -4.77766228    
  -4.83052254    
  -4.87999821    
  -4.92605448    
  -4.96865940    
  -5.00778246    
  -5.04339695    
  -5.07547760    
  -5.10400248    
  -5.12895060    
  -5.15030479    
  -5.16805029    
  -5.18217516    
  -5.19266844    
  -5.19952345    
  -5.20273542    
  -5.20230150    
  -5.19822311    
  -5.19050217    
  -5.17914438    
  -5.16415739    
  -5.14555216    
  -5.12334108    
  -5.09754086    
  -5.06816864    
  -5.03524542    
  -4.99879360    
  -4.95883942    
  -4.91541100    
  -4.86853838    
  -4.81825447    
  -4.76459408    
  -4.70759583    
  -4.64729881    
  -4.58374548    
  -4.51698017    
  -4.44705009    
  -4.37400436    
  -4.29789352    
  -4.21877098    
  -4.13669300    
  -4.05171633    
  -3.96390057    
  -3.87330747    
  -3.78000045    
  -3.68404508    
  -3.58550787    
  -3.48445868    
  -3.38096809    
  -3.27510810    
  -3.16695380    
  -3.05658007    
  -2.94406486    
  -2.82948685    
  -2.71292639    
  -2.59446454    
  -2.47418523    
  -2.35217214    
  -2.22851086    
  -2.10328817    
  -1.97659206    
  -1.84851062    
  -1.71913409    
  -1.58855295    
  -1.45685875    
  -1.32414389    
  -1.19050109    
  -1.05602419    
 -0.920807302    
 -0.784945190    
 -0.648533165    
 -0.511666656    
 -0.374441713    
 -0.236954346    
  -9.93009657E-02
   3.84219848E-02
  0.176118016    
  0.313690633    
  0.451043457    
  0.588080287    
  0.724705040    
  0.860821962    
  0.996335804    
   1.13115144    
   1.26517463    
   1.39831114    
   1.53046799    
   1.66155255    
   1.79147279    
   1.92013788    
   2.04745746    
   2.17334247    
   2.29770470    
   2.42045665    
   2.54151320    
   2.66078830    
   2.77819967    
   2.89366412    
   3.00710130    
   3.11843109    
   3.22757602    
   3.33445930    
   3.43900633    
   3.54114389    
   3.64080000    
   3.73790503    
   3.83239102    
   3.92419195    
   4.01324320    
   4.09948254    
   4.18284893    
   4.26328516    
   4.34073353    
   4.41514063    
   4.48645449    
   4.55462456    
   4.61960316    
   4.68134499    
   4.73980713    
   4.79494762    
   4.84672832    
   4.89511347    
   4.94006872    
   4.98156214    
   5.01956511    
   5.05405092    
   5.08499575    
   5.11237764    
   5.13617706    
   5.15637827    
   5.17296600    
   5.18592882    
   5.19525862    
   5.20094776    
   5.20299339    
   5.20139265    
   5.19614792    
   5.18726206    
   5.17474174    
   5.15859556    
   5.13883448    
   5.11547327    
   5.08852720    
   5.05801582    
   5.02396059    
   4.98638535    
   4.94531584    
   4.90078163    
   4.85281324    
   4.80144501    
   4.74671173    
   4.68865299    
   4.62730885    
   4.56272268    
   4.49493933    
   4.42400646    
   4.34997416    
   4.27289343    
   4.19281912    
   4.10980654    
   4.02391481    
   3.93520331    
   3.84373450    
   3.74957252    
   3.65278316    
   3.55343461    
   3.45159602    
   3.34733891    
   3.24073672    
   3.13186359    
   3.02079582    
   2.90761185    
   2.79239035    
   2.67521214    
   2.55615997    
   2.43531632    
   2.31276631    
   2.18859601    
   2.06289220    
   1.93574262    
   1.80723691    
   1.67746496    
   1.54651749    
   1.41448653    
   1.28146446    
   1.14754450    
   1.01282048    
  0.877386808    
  0.741338253    
  0.604770362    
  0.467778713    
  0.330459297    
  0.192908287    
   5.52221499E-02
  -8.25026929E-02
 -0.220169723    
 -0.357682496    
 -0.494944632    
 -0.631859958    
 -0.768332601    
 -0.904266894    
  -1.03956747    
  -1.17413974    
  -1.30788934    
  -1.44072247    
  -1.57254612    
  -1.70326328    
  -1.83278692    
  -1.96102667    
  -2.08789229    
  -2.21329522    
  -2.33714724    
  -2.45936203    
  -2.57985353    
  -2.69853759    
  -2.81533098    
  -2.93015194    
  -3.04291987    
  -3.15355587    
  -3.26198220    
  -3.36812329    
  -3.47190452    
  -3.57325339    
  -3.67209840    
  -3.76837087    
  -3.86200333    
  -3.95292950    
  -4.04108620    
  -4.12641191    
  -4.20884609    
  -4.28833199    
  -4.36481285    
  -4.43823576    
  -4.50854921    
  -4.57570362    
  -4.63965225    
  -4.70035028    
  -4.75775480    
  -4.81182623    
  -4.86252642    
  -4.90981960    
  -4.95367289    
  -4.99405527    
  -5.03093910    
  -5.06429768    
  -5.09410858    
  -5.12034988    
  -5.14300346    
  -5.16205454    
  -5.17748833    
  -5.18929482    
  -5.19746542    
  -5.20199490    
  -5.20287943    
  -5.20011854    
  -5.19371414    
  -5.18367147    
  -5.16999626    
  -5.15269947    
  -5.13179255    
  -5.10728979    
  -5.07920837    
  -5.04756880    
  -5.01239252    
  -4.97370481    
  -4.93153191    
  -4.88590431    
  -4.83685303    
  -4.78441334    
  -4.72862101    
  -4.66951609    
  -4.60713959    
  -4.54153490    
  -4.47274828    
  -4.40082836    
  -4.32582474    
  -4.24779034    
  -4.16677952    
  -4.08284998    
  -3.99605942    
  -3.90646935    
  -3.81414199    
  -3.71914268    
  -3.62153721    
  -3.52139449    
  -3.41878486    
  -3.31377983    
  -3.20645285    
  -3.09687972    
  -2.98513651    
  -2.87130165    
  -2.75545573    
  -2.63767862    
  -2.51805377    
  -2.39666462    
  -2.27359629    
  -2.14893508    
  -2.02276826    
  -1.89518416    
  -1.76627231    
  -1.63612294    
  -1.50482726    
  -1.37247717    
  -1.23916554    
  -1.10498571    
 -0.970031619    
 -0.834397972    
 -0.698179662    
 -0.561472297    
 -0.424371451    
 -0.286973327    
 -0.149374142    
  -1.16702896E-02
  0.126041740    
  0.263665468    
  0.401104450    
  0.538262427    
  0.675043285    
  0.811351180    
  0.947090566    
   1.08216643    
   1.21648407    
   1.34994948    
   1.48246908    
   1.61394989    
   1.74430001    
   1.87342811    
   2.00124335    
   2.12765670    
   2.25257921    
   2.37592363    
   2.49760342    
   2.61753297    
   2.73562908    
   2.85180831    
   2.96598935    
   3.07809258    
   3.18803930    
   3.29575229    
   3.40115595    
   3.50417686    
   3.60474229    
   3.70278239    
   3.79822826    
   3.89101315    
   3.98107147    
   4.06834078    
   4.15275955    
   4.23426914    
   4.31281185    
   4.38833284    
   4.46077919    
   4.53009987    
   4.59624720    
   4.65917397    
   4.71883631    
   4.77519274    
   4.82820320    
   4.87783098    
   4.92404175    
   4.96680212    
   5.00608253    
   5.04185581    
   5.07409620    
   5.10278177    
   5.12789249    
   5.14940977    
   5.16731977    
   5.18160915    
   5.19226837    
   5.19928932    
   5.20266771    
   5.20240116    
   5.19848967    
   5.19093561    
   5.17974472    
   5.16492510    
   5.14648628    
   5.12444210    
   5.09880733    
   5.06960058    
   5.03684092    
   5.00055313    
   4.96076155    
   4.91749477    
   4.87078190    
   4.82065678    
   4.76715469    
   4.71031189    
   4.65016890    
   4.58676815    
   4.52015352    
   4.45037222    
   4.37747240    
   4.30150604    
   4.22252560    
   4.14058733    
   4.05574751    
   3.96806622    
   3.87760496    
   3.78442669    
   3.68859696    
   3.59018302    
   3.48925376    
   3.38587952    
   3.28013325    
   3.17208886    
   3.06182170    
   2.94940972    
   2.83493114    
   2.71846628    
   2.60009694    
   2.47990561    
   2.35797715    
   2.23439622    
   2.10925007    
   1.98262608    
   1.85461307    
   1.72530043    
   1.59477913    
   1.46314049    
   1.33047688    
   1.19688082    
   1.06244636    
  0.927267432    
  0.791438937    
  0.655055821    
  0.518213809    
  0.381008714    
  0.243536681    
  0.105894014    
  -3.18228416E-02
 -0.169517398    
 -0.307093203    
 -0.444453835    
 -0.581503093    
 -0.718144834    
 -0.854283571    
 -0.989823699    
  -1.12467039    
  -1.25872898    
  -1.39190567    
  -1.52410722    
  -1.65524101    
  -1.78521502    
  -1.91393816    
  -2.04132032    
  -2.16727257    
  -2.29170609    
  -2.41453409    
  -2.53567028    
  -2.65503001    
  -2.77252936    
  -2.88808656    
  -3.00162005    
  -3.11305046    
  -3.22229981    
  -3.32929158    
  -3.43395066    
  -3.53620386    
  -3.63597965    
  -3.73320794    
  -3.82782030    
  -3.91975093    
  -4.00893545    
  -4.09531069    
  -4.17881727    
  -4.25939608    
  -4.33698988    
  -4.41154575    
  -4.48301029    
  -4.55133438    
  -4.61646938    
  -4.67837000    
  -4.73699284    
  -4.79229689    
  -4.84424305    
  -4.89279509    
  -4.93791962    
  -4.97958422    
  -5.01775980    
  -5.05242014    
  -5.08354044    
  -5.11109877    
  -5.13507652    
  -5.15545654    
  -5.17222404    
  -5.18536806    
  -5.19487906    
  -5.20075035    
  -5.20297766    
  -5.20155954    
  -5.19649744    
  -5.18779421    
  -5.17545652    
  -5.15949249    
  -5.13991356    
  -5.11673355    
  -5.08996868    
  -5.05963755    
  -5.02576160    
  -4.98836422    
  -4.94747210    
  -4.90311384    
  -4.85531950    
  -4.80412388    
  -4.74956226    
  -4.69167328    
  -4.63049698    
  -4.56607628    
  -4.49845648    
  -4.42768478    
  -4.35381126    
  -4.27688742    
  -4.19696665    
  -4.11410570    
  -4.02836180    
  -3.93979597    
  -3.84846973    
  -3.75444698    
  -3.65779376    
  -3.55857801    
  -3.45686889    
  -3.35273790    
  -3.24625754    
  -3.13750291    
  -3.02655029    
  -2.91347694    
  -2.79836249    
  -2.68128729    
  -2.56233335    
  -2.44158435    
  -2.31912470    
  -2.19504023    
  -2.06941772    
  -1.94234550    
  -1.81391215    
  -1.68420827    
  -1.55332410    
  -1.42135167    
  -1.28838348    
  -1.15451264    
  -1.01983285    
 -0.884438515    
 -0.748424470    
 -0.611886203    
 -0.474919140    
 -0.337619364    
 -0.200083002    
  -6.24064915E-02
   7.53137544E-02
  0.212981239    
  0.350499481    
  0.487772197    
  0.624703109    
  0.761196375    
  0.897156298    
   1.03248763    
   1.16709566    
   1.30088580    
   1.43376470    
   1.56563902    
   1.69641638    
   1.82600510    
   1.95431459    
   2.08125472    
   2.20673680    
   2.33067274    
   2.45297575    
   2.57356000    
   2.69234133    
   2.80923629    
   2.92416286    
   3.03704071    
   3.14779067    
   3.25633526    
   3.36259866    
   3.46650553    
   3.56798410    
   3.66696286    
   3.76337194    
   3.85714483    
   3.94821525    
   4.03651953    
   4.12199497    
   4.20458317    
   4.28422499    
   4.36086559    
   4.43445063    
   4.50492859    
   4.57225084    
   4.63636923    
   4.69723892    
   4.75481796    
   4.80906582    
   4.85994434    
   4.90741730    
   4.95145273    
   4.99201822    
   5.02908659    
   5.06263113    
   5.09262896    
   5.11905861    
   5.14190197    
   5.16114235    
   5.17676687    
   5.18876457    
   5.19712687    
   5.20184755    
   5.20292377    
   5.20035458    
   5.19414186    
   5.18429041    
   5.17080641    
   5.15369940    
   5.13298178    
   5.10866785    
   5.08077431    
   5.04932165    
   5.01433086    
   4.97582674    
   4.93383646    
   4.88839006    
   4.83951807    
   4.78725529    
   4.73163843    
   4.67270708    
   4.61050129    
   4.54506540    
   4.47644520    
   4.40468836    
   4.32984591    
   4.25196934    
   4.17111397    
   4.08733654    
   4.00069475    
   3.91125035    
   3.81906557    
   3.72420502    
   3.62673521    
   3.52672434    
   3.42424273    
   3.31936145    
   3.21215510    
   3.10269785    
   2.99106693    
   2.87734056    
   2.76159787    
   2.64392042    
   2.52439070    
   2.40309238    
   2.28011036    
   2.15553069    
   2.02944064    
   1.90192902    
   1.77308464    
   1.64299822    
   1.51176047    
   1.37946355    
   1.24620020    
   1.11206365    
  0.977147996    
  0.841547728    
  0.705357850    
  0.568673790    
  0.431591272    
  0.294206381    
  0.156615362    
   1.89146064E-02
 -0.118799396    
 -0.256430149    
 -0.393881291    
 -0.531056464    
 -0.667859495    
 -0.804194629    
 -0.939966381    
  -1.07507956    
  -1.20943940    
  -1.34295189    
  -1.47552359    
  -1.60706139    
  -1.73747325    
  -1.86666787    
  -1.99455452    
  -2.12104368    
  -2.24604678    
  -2.36947632    
  -2.49124599    
  -2.61126995    
  -2.72946429    
  -2.84574628    
  -2.96003485    
  -3.07224894    
  -3.18231106    
  -3.29014325    
  -3.39567041    
  -3.49881816    
  -3.59951472    
  -3.69768953    
  -3.79327345    
  -3.88619995    
  -3.97640324    
  -4.06382084    
  -4.14839125    
  -4.23005486    
  -4.30875540    
  -4.38443661    
  -4.45704556    
  -4.52653217    
  -4.59284782    
  -4.65594482    
  -4.71578026    
  -4.77231169    
  -4.82549906    
  -4.87530565    
  -4.92169666    
  -4.96463919    
  -5.00410366    
  -5.04006195    
  -5.07248878    
  -5.10136175    
  -5.12666082    
  -5.14836788    
  -5.16646767    
  -5.18094826    
  -5.19179821    
  -5.19901085    
  -5.20258093    
  -5.20250607    
  -5.19878626    
  -5.19142389    
  -5.18042421    
  -5.16579485    
  -5.14754629    
  -5.12569094    
  -5.10024500    
  -5.07122517    
  -5.03865242    
  -5.00254965    
  -4.96294165    
  -4.91985655    
  -4.87332439    
  -4.82337809    
  -4.77005243    
  -4.71338415    
  -4.65341425    
  -4.59018326    
  -4.52373695    
  -4.45412064    
  -4.38138437    
  -4.30557775    
  -4.22675467    
  -4.14496994    
  -4.06028175    
  -3.97274804    
  -3.88243127    
  -3.78939438    
  -3.69370270    
  -3.59542298    
  -3.49462414    
  -3.39137673    
  -3.28575349    
  -3.17782784    
  -3.06767607    
  -2.95537496    
  -2.84100294    
  -2.72464061    
  -2.60636926    
  -2.48627186    
  -2.36443233    
  -2.24093652    
  -2.11587048    
  -1.98932195    
  -1.86137962    
  -1.73213327    
  -1.60167336    
  -1.47009110    
  -1.33747900    
  -1.20392978    
  -1.06953704    
 -0.934394956    
 -0.798598230    
 -0.662241936    
 -0.525421679    
 -0.388233244    
 -0.250772864    
 -0.113136753    
   2.45786030E-02
  0.162276745    
  0.299861193    
  0.437235564    
  0.574303567    
  0.710969150    
  0.847136736    
  0.982710719    
   1.11759615    
   1.25169861    
   1.38492405    
   1.51717925    
   1.64837134    
   1.77840865    
   1.90719998    
   2.03465486    
   2.16068435    
   2.28520012    
   2.40811467    
   2.52934194    
   2.64879727    
   2.76639676    
   2.88205767    
   2.99569988    
   3.10724306    
   3.21660876    
   3.32372117    
   3.42850494    
   3.53088641    
   3.63079405    
   3.72815824    
   3.82291007    
   3.91498327    
   4.00431347    
   4.09083843    
   4.17449760    
   4.25523138    
   4.33298397    
   4.40770054    
   4.47932959    
   4.54781961    
   4.61312342    
   4.67519522    
   4.73399162    
   4.78947115    
   4.84159470    
   4.89032650    
   4.93563175    
   4.97747946    
   5.01583910    
   5.05068493    
   5.08199215    
   5.10973835    
   5.13390446    
   5.15447426    
   5.17143250    
   5.18476725    
   5.19446898    
   5.20053196    
   5.20295143    
   5.20172501    
   5.19685459    
   5.18834257    
   5.17619562    
   5.16042233    
   5.14103365    
   5.11804247    
   5.09146547    
   5.06132174    
   5.02763128    
   4.99041891    
   4.94970942    
   4.90553236    
   4.85791874    
   4.80690098    
   4.75251579    
   4.69480085    
   4.63379622    
   4.56954527    
   4.50209236    
   4.43148565    
   4.35777378    
   4.28100872    
   4.20124435    
   4.11853647    
   4.03294277    
   3.94452381    
   3.85334110    
   3.75945878    
   3.66294241    
   3.56385970    
   3.46227980    
   3.35827422    
   3.25191569    
   3.14327908    
   3.03243971    
   2.91947627    
   2.80446672    
   2.68749285    
   2.56863594    
   2.44797897    
   2.32560730    
   2.20160604    
   2.07606244    
   1.94906414    
   1.82070029    
   1.69106090    
   1.56023657    
   1.42831910    
   1.29540098    
   1.16157520    
   1.02693558    
  0.891576588    
  0.755592823    
  0.619079709    
  0.482132792    
  0.344848096    
  0.207321793    
   6.96502551E-02
  -6.80700913E-02
 -0.205742747    
 -0.343271226    
 -0.480559260    
 -0.617510557    
 -0.754029214    
 -0.890019596    
  -1.02538645    
  -1.16003478    
  -1.29387045    
  -1.42679954    
  -1.55872893    
  -1.68956625    
  -1.81921983    
  -1.94759881    
  -2.07461309    
  -2.20017433    
  -2.32419348    
  -2.44658470    
  -2.56726146    
  -2.68613935    
  -2.80313587    
  -2.91816783    
  -3.03115559    
  -3.14201951    
  -3.25068212    
  -3.35706687    
  -3.46110010    
  -3.56270790    
  -3.66181970    
  -3.75836611    
  -3.85227942    
  -3.94349337    
  -4.03194427    
  -4.11757040    
  -4.20031166    
  -4.28011036    
  -4.35690975    
  -4.43065691    
  -4.50129986    
  -4.56878901    
  -4.63307714    
  -4.69411898    
  -4.75187206    
  -4.80629587    
  -4.85735273    
  -4.90500593    
  -4.94922256    
  -4.98997116    
  -5.02722406    
  -5.06095505    
  -5.09113979    
  -5.11775780    
  -5.14078999    
  -5.16022062    
  -5.17603540    
  -5.18822384    
  -5.19677734    
  -5.20168972    
  -5.20295811    
  -5.20058060    
  -5.19455957    
  -5.18489933    
  -5.17160606    
  -5.15468931    
  -5.13416100    
  -5.11003590    
  -5.08233070    
  -5.05106449    
  -5.01625872    
  -4.97793913    
  -4.93613195    
  -4.89086580    
  -4.84217358    
  -4.79008818    
  -4.73464727    
  -4.67588854    
  -4.61385441    
  -4.54858685    
  -4.48013306    
  -4.40854025    
  -4.33385849    
  -4.25614023    
  -4.17544031    
  -4.09181499    
  -4.00532246    
  -3.91602421    
  -3.82398176    
  -3.72926044    
  -3.63192606    
  -3.53204703    
  -3.42969346    
  -3.32493687    
  -3.21785092    
  -3.10851026    
  -2.99699187    
  -2.88337326    
  -2.76773500    
  -2.65015745    
  -2.53072286    
  -2.40951538    
  -2.28661966    
  -2.16212201    
  -2.03610921    
  -1.90867007    
  -1.77989376    
  -1.64987016    
  -1.51869082    
  -1.38644743    
  -1.25323248    
  -1.11913955    
 -0.984262526    
 -0.848695874    
 -0.712534666    
 -0.575874150    
 -0.438810229    
 -0.301438838    
 -0.163856268    
  -2.61588879E-02
  0.111556828    
  0.249194369    
  0.386657327    
  0.523849368    
  0.660674453    
  0.797036588    
  0.932840288    
   1.06799042    
   1.20239222    
   1.33595181    
   1.46857524    
   1.60016966    
   1.73064315    
   1.85990393    
   1.98786151    
   2.11442661    
   2.23951006    
   2.36302471    
   2.48488355    
   2.60500121    
   2.72329402    
   2.83967876    
   2.95407414    
   3.06639957    
   3.17657661    
   3.28452778    
   3.39017820    
   3.49345303    
   3.59428048    
   3.69258952    
   3.78831148    
   3.88137913    
   3.97172761    
   4.05929327    
   4.14401484    
   4.22583246    
   4.30468988    
   4.38053179    
   4.45330381    
   4.52295589    
   4.58943892    
   4.65270710    
   4.71271467    
   4.76942110    
   4.82278538    
   4.87277079    
   4.91934204    
   4.96246672    
   5.00211477    
   5.03825808    
   5.07087135    
   5.09993219    
   5.12541962    
   5.14731598    
   5.16560555    
   5.18027687    
   5.19131804    
   5.19872236    
   5.20248413    
   5.20260096    
   5.19907284    
   5.19190168    
   5.18109322    
   5.16665459    
   5.14859629    
   5.12693024    
   5.10167265    
   5.07284021    
   5.04045391    
   5.00453615    
   4.96511173    
   4.92220926    
   4.87585735    
   4.82608986    
   4.77294064    
   4.71644735    
   4.65665007    
   4.59358978    
   4.52731133    
   4.45786095    
   4.38528728    
   4.30964041    
   4.23097467    
   4.14934492    
   4.06480742    
   3.97742224    
   3.88725042    
   3.79435515    
   3.69880128    
   3.60065579    
   3.49998760    
   3.39686751    
   3.29136729    
   3.18356109    
   3.07352424    
   2.96133423    
   2.84706926    
   2.73080945    
   2.61263657    
   2.49263310    
   2.37088323    
   2.24747229    
   2.12248683    
   1.99601388    
   1.86814284    
   1.73896277    
   1.60856426    
   1.47703898    
   1.34447861    
   1.21097636    
   1.07662559    
  0.941520631    
  0.805755913    
  0.669426739    
  0.532628477    
  0.395457029    
  0.258008540    
  0.120379284    
  -1.73343122E-02
 -0.155035764    
 -0.292628586    
 -0.430016398    
 -0.567102909    
 -0.703792155    
 -0.839988232    
 -0.975595772    
  -1.11051977    
  -1.24466586    
  -1.37793982    
  -1.51024830    
  -1.64149857    
  -1.77159882    
  -1.90045786    
  -2.02798557    
  -2.15409207    
  -2.27868962    
  -2.40169048    
  -2.52300882    
  -2.64255929    
  -2.76025844    
  -2.87602377    
  -2.98977375    
  -3.10142922    
  -3.21091175    
  -3.31814456    
  -3.42305231    
  -3.52556229    
  -3.62560177    
  -3.72310138    
  -3.81799221    
  -3.91020823    
  -3.99968410    
  -4.08635807    
  -4.17016935    
  -4.25105858    
  -4.32896948    
  -4.40384674    
  -4.47563934    
  -4.54429626    
  -4.60976839    
  -4.67201138    
  -4.73098135    
  -4.78663588    
  -4.83893728    
  -4.88784838    
  -4.93333483    
  -4.97536469    
  -5.01390886    
  -5.04894018    
  -5.08043337    
  -5.10836792    
  -5.13272333    
  -5.15348196    
  -5.17063046    
  -5.18415594    
  -5.19404984    
  -5.20030403    
  -5.20291471    
  -5.20188046    
  -5.19720125    
  -5.18888092    
  -5.17692518    
  -5.16134214    
  -5.14214325    
  -5.11934137    
  -5.09295273    
  -5.06299591    
  -5.02949142    
  -4.99246359    
  -4.95193768    
  -4.90794230    
  -4.86050844    
  -4.80966902    
  -4.75545979    
  -4.69791842    
  -4.63708591    
  -4.57300472    
  -4.50571918    
  -4.43527699    
  -4.36172724    
  -4.28512144    
  -4.20551395    
  -4.12295914    
  -4.03751612    
  -3.94924426    
  -3.85820556    
  -3.76446342    
  -3.66808367    
  -3.56913424    
  -3.46768403    
  -3.36380434    
  -3.25756764    
  -3.14904881    
  -3.03832364    
  -2.92546964    
  -2.81056595    
  -2.69369340    
  -2.57493329    
  -2.45436907    
  -2.33208561    
  -2.20816779    
  -2.08270311    
  -1.95577908    
  -1.82748485    
  -1.69791019    
  -1.56714594    
  -1.43528390    
  -1.30241597    
  -1.16863561    
  -1.03403652    
 -0.898712873    
 -0.762759626    
 -0.626271963    
 -0.489345491    
 -0.352076173    
 -0.214560211    
  -7.68938884E-02
   6.08262978E-02
  0.198503867    
  0.336042345    
  0.473345429    
  0.610316813    
  0.746860623    
  0.882881165    
   1.01828313    
   1.15297163    
   1.28685236    
   1.41983151    
   1.55181575    
   1.68271279    
   1.81243110    
   1.94087934    
   2.06796765    
   2.19360733    
   2.31770992    
   2.44018888    
   2.56095791    
   2.67993259    
   2.79702973    
   2.91216731    
   3.02526450    
   3.13624239    
   3.24502254    
   3.35152912    
   3.45568752    
   3.55742502    
   3.65666986    
   3.75335288    
   3.84740615    
   3.93876362    
   4.02736187    
   4.11313820    
   4.19603252    
   4.27598715    
   4.35294580    
   4.42685461    
   4.49766207    
   4.56531858    
   4.62977600    
   4.69098997    
   4.74891710    
   4.80351686    
   4.85475159    
   4.90258455    
   4.94698286    
   4.98791504    
   5.02535248    
   5.05926895    
   5.08964062    
   5.11644697    
   5.13966799    
   5.15928841    
   5.17529345    
   5.18767309    
   5.19641781    
   5.20152235    
   5.20298195    
   5.20079613    
   5.19496679    
   5.18549776    
   5.17239571    
   5.15566921    
   5.13533115    
   5.11139441    
   5.08387709    
   5.05279732    
   5.01817751    
   4.98004198    
   4.93841743    
   4.89333248    
   4.84481955    
   4.79291201    
   4.73764610    
   4.67906141    
   4.61719847    
   4.55210018    
   4.48381233    
   4.41238356    
   4.33786297    
   4.26030302    
   4.17975855    
   4.09628582    
   4.00994253    
   3.92079020    
   3.82889056    
