0.000008000000
0.000007979950
0.000007959900
0.000007939850
0.000007919800
0.000007899750
0.000007879700
0.000007859650
0.000007839600
0.000007819550
0.000007799500
0.000007779450
0.000007759400
0.000007739350
0.000007719300
0.000007699250
0.000007679200
0.000007659150
0.000007639100
0.000007619050
0.000007599000
0.000007578950
0.000007558900
0.000007538850
0.000007518800
0.000007498750
0.000007478700
0.000007458650
0.000007438600
0.000007418550
0.000007398500
0.000007378450
0.000007358400
0.000007338350
0.000007318300
0.000007298250
0.000007278200
0.000007258150
0.000007238100
0.000007218050
0.000007197990
0.000007177950
0.000007157890
0.000007137840
0.000007117790
0.000007097740
0.000007077690
0.000007057640
0.000007037590
0.000007017540
0.000006997490
0.000006977440
0.000006957390
0.000006937340
0.000006917290
0.000006897240
0.000006877190
0.000006857140
0.000006837090
0.000006817040
0.000006796990
0.000006776940
0.000006756890
0.000006736840
0.000006716790
0.000006696740
0.000006676690
0.000006656640
0.000006636590
0.000006616540
0.000006596490
0.000006576440
0.000006556390
0.000006536340
0.000006516290
0.000006496240
0.000006476190
0.000006456140
0.000006436090
0.000006416040
0.000006395990
0.000006375940
0.000006355890
0.000006335840
0.000006315790
0.000006295740
0.000006275690
0.000006255640
0.000006235590
0.000006215540
0.000006195490
0.000006175440
0.000006155390
0.000006135340
0.000006115290
0.000006095240
0.000006075190
0.000006055140
0.000006035090
0.000006015040
0.000005994990
0.000005974940
0.000005954890
0.000005934840
0.000005914790
0.000005894740
0.000005874690
0.000005854640
0.000005834590
0.000005814540
0.000005794490
0.000005774440
0.000005754390
0.000005734340
0.000005714290
0.000005694240
0.000005674190
0.000005654140
0.000005634090
0.000005614040
0.000005593980
0.000005573930
0.000005553880
0.000005533830
0.000005513780
0.000005493730
0.000005473680
0.000005453630
0.000005433580
0.000005413530
0.000005393480
0.000005373430
0.000005353380
0.000005333330
0.000005313280
0.000005293230
0.000005273180
0.000005253130
0.000005233080
0.000005213030
0.000005192980
0.000005172930
0.000005152880
0.000005132830
0.000005112780
0.000005092730
0.000005072680
0.000005052630
0.000005032580
0.000005012530
0.000004992480
0.000004972430
0.000004952380
0.000004932330
0.000004912280
0.000004892230
0.000004872180
0.000004852130
0.000004832080
0.000004812030
0.000004791980
0.000004771930
0.000004751880
0.000004731830
0.000004711780
0.000004691730
0.000004671680
0.000004651630
0.000004631580
0.000004611530
0.000004591480
0.000004571430
0.000004551380
0.000004531330
0.000004511280
0.000004491230
0.000004471180
0.000004451130
0.000004431080
0.000004411030
0.000004390980
0.000004370930
0.000004350880
0.000004330830
0.000004310780
0.000004290730
0.000004270680
0.000004250630
0.000004230580
0.000004210530
0.000004190480
0.000004170430
0.000004150380
0.000004130330
0.000004110280
0.000004090230
0.000004070180
0.000004050130
0.000004030080
0.000004010020
0.000003989980
0.000003969920
0.000003949870
0.000003929820
0.000003909770
0.000003889720
0.000003869670
0.000003849620
0.000003829570
0.000003809520
0.000003789470
0.000003769420
0.000003749370
0.000003729320
0.000003709270
0.000003689220
0.000003669170
0.000003649120
0.000003629070
0.000003609020
0.000003588970
0.000003568920
0.000003548870
0.000003528820
0.000003508770
0.000003488720
0.000003468670
0.000003448620
0.000003428570
0.000003408520
0.000003388470
0.000003368420
0.000003348370
0.000003328320
0.000003308270
0.000003288220
0.000003268170
0.000003248120
0.000003228070
0.000003208020
0.000003187970
0.000003167920
0.000003147870
0.000003127820
0.000003107770
0.000003087720
0.000003067670
0.000003047620
0.000003027570
0.000003007520
0.000002987470
0.000002967420
0.000002947370
0.000002927320
0.000002907270
0.000002887220
0.000002867170
0.000002847120
0.000002827070
0.000002807020
0.000002786970
0.000002766920
0.000002746870
0.000002726820
0.000002706770
0.000002686720
0.000002666670
0.000002646620
0.000002626570
0.000002606520
0.000002586470
0.000002566420
0.000002546370
0.000002526320
0.000002506270
0.000002486220
0.000002466170
0.000002446120
0.000002426070
0.000002406020
0.000002385960
