-0.0000000033532500
-0.0000000033494400
-0.0000000033456400
-0.0000000033469100
-0.0000000033456400
-0.0000000033405600
-0.0000000033405600
-0.0000000033443700
-0.0000000033405600
-0.0000000033431000
-0.0000000033431000
-0.0000000033418300
-0.0000000033431000
-0.0000000033443700
-0.0000000033443700
-0.0000000033443700
-0.0000000033469100
-0.0000000033405600
-0.0000000033316800
-0.0000000033342200
-0.0000000033329500
-0.0000000033354900
-0.0000000033354900
-0.0000000033367500
-0.0000000033367500
-0.0000000033405600
-0.0000000033392900
-0.0000000033418300
-0.0000000033469100
-0.0000000033481700
-0.0000000033507100
-0.0000000033481700
-0.0000000033507100
-0.0000000033507100
-0.0000000033507100
-0.0000000033519800
-0.0000000033532500
-0.0000000033519800
-0.0000000033596000
-0.0000000033608600
-0.0000000033570600
-0.0000000033621300
-0.0000000033646700
-0.0000000033634000
-0.0000000033672100
-0.0000000033634000
-0.0000000033684800
-0.0000000033672100
-0.0000000033621300
-0.0000000033659400
-0.0000000033684800
-0.0000000033697500
-0.0000000033710200
-0.0000000033697500
-0.0000000033722800
-0.0000000033760900
-0.0000000033735500
-0.0000000033773600
-0.0000000033786300
-0.0000000033811700
-0.0000000033799000
-0.0000000033862400
-0.0000000033862400
-0.0000000033862400
-0.0000000033837000
-0.0000000033837000
-0.0000000033887800
-0.0000000033913200
-0.0000000033938600
-0.0000000033938600
-0.0000000033976600
-0.0000000033951200
-0.0000000033989300
-0.0000000033989300
-0.0000000033989300
-0.0000000034027400
-0.0000000034014700
-0.0000000034052800
-0.0000000034040100
-0.0000000033976600
-0.0000000034040100
-0.0000000034027400
-0.0000000034065500
-0.0000000034052800
-0.0000000034078100
-0.0000000034078100
-0.0000000034078100
-0.0000000034128900
-0.0000000034128900
-0.0000000034154300
-0.0000000034167000
-0.0000000034154300
-0.0000000034128900
-0.0000000034154300
-0.0000000034141600
-0.0000000034141600
-0.0000000034154300
-0.0000000034179700
-0.0000000034192300
-0.0000000034230400
-0.0000000034268500
-0.0000000034281200
-0.0000000034306500
-0.0000000034281200
-0.0000000034268500
-0.0000000034293900
-0.0000000034281200
-0.0000000034319200
-0.0000000034293900
-0.0000000034319200
-0.0000000034306500
-0.0000000034357300
-0.0000000034331900
-0.0000000034357300
-0.0000000034382700
-0.0000000034370000
-0.0000000034382700
-0.0000000034446100
-0.0000000034433400
-0.0000000034446100
-0.0000000034471500
-0.0000000034484200
-0.0000000034484200
-0.0000000034471500
-0.0000000034458800
-0.0000000034458800
-0.0000000034433400
-0.0000000034446100
-0.0000000034471500
-0.0000000034509600
-0.0000000034496900
-0.0000000034496900
-0.0000000034535000
-0.0000000034547600
-0.0000000034547600
-0.0000000034598400
-0.0000000034522300
-0.0000000034598400
-0.0000000034573000
-0.0000000034560300
-0.0000000034585700
-0.0000000034611100
-0.0000000034611100
-0.0000000034674500
-0.0000000034649200
-0.0000000034623800
-0.0000000034623800
-0.0000000034649200
-0.0000000034623800
-0.0000000034674500
-0.0000000034699900
-0.0000000034712600
-0.0000000034738000
-0.0000000034725300
-0.0000000034712600
-0.0000000034725300
-0.0000000034725300
-0.0000000034712600
-0.0000000034699900
-0.0000000034699900
-0.0000000034750700
-0.0000000034763400
-0.0000000034776000
-0.0000000034750700
-0.0000000034788700
-0.0000000034763400
-0.0000000034826800
-0.0000000034826800
-0.0000000034864900
-0.0000000034839500
-0.0000000034877600
-0.0000000034890200
-0.0000000034877600
-0.0000000034915600
-0.0000000034902900
-0.0000000034890200
-0.0000000034953700
-0.0000000034928300
-0.0000000034928300
-0.0000000034915600
-0.0000000034928300
-0.0000000034966400
-0.0000000035067900
-0.0000000034979100
-0.0000000035042500
-0.0000000035067900
-0.0000000035017100
-0.0000000035004500
-0.0000000035067900
-0.0000000035042500
-0.0000000035042500
-0.0000000035055200
-0.0000000035067900
-0.0000000035080600
-0.0000000035106000
-0.0000000035093300
-0.0000000035106000
-0.0000000035093300
-0.0000000035169400
-0.0000000035156700
-0.0000000035194800
-0.0000000035144000
-0.0000000035182100
-0.0000000035118700
-0.0000000035144000
-0.0000000035207500
-0.0000000035207500
-0.0000000035207500
-0.0000000035182100
-0.0000000035207500
-0.0000000035194800
-0.0000000035220200
-0.0000000035245500
-0.0000000035232900
-0.0000000035270900
-0.0000000035321700
-0.0000000035334400
-0.0000000035321700
-0.0000000035321700
-0.0000000035347100
-0.0000000035359800
-0.0000000035334400
-0.0000000035334400
-0.0000000035334400
-0.0000000035334400
-0.0000000035359800
-0.0000000035397800
-0.0000000035359800
-0.0000000035423200
-0.0000000035448600
-0.0000000035397800
-0.0000000035397800
-0.0000000035435900
-0.0000000035474000
-0.0000000035435900
-0.0000000035486600
-0.0000000035499300
-0.0000000035486600
-0.0000000035461300
-0.0000000035486600
-0.0000000035461300
-0.0000000035448600
-0.0000000035512000
-0.0000000035474000
-0.0000000035537400
-0.0000000035562800
-0.0000000035562800
-0.0000000035588200
-0.0000000035588200
-0.0000000035550100
-0.0000000035600800
-0.0000000035588200
-0.0000000035575500
-0.0000000035588200
-0.0000000035626200
-0.0000000035613500
-0.0000000035613500
-0.0000000035664300
-0.0000000035689700
-0.0000000035677000
-0.0000000035677000
-0.0000000035715000
-0.0000000035740400
-0.0000000035727700
-0.0000000035753100
-0.0000000035753100
-0.0000000035727700
-0.0000000035740400
-0.0000000035677000
-0.0000000035651600
-0.0000000035600800
-0.0000000035359800
-0.0000000034814100
-0.0000000033342200
-0.0000000029789200
-0.0000000023634900
-0.0000000015513800
-0.0000000007126260
0.0000000004788910
0.0000000017592300
0.0000000030065800

