   5.20300007    
   5.20117712    
   5.19571018    
   5.18660259    
   5.17386103    
   5.15749407    
   5.13751364    
   5.11393356    
   5.08677006    
   5.05604219    
   5.02177238    
   4.98398352    
   4.94270277    
   4.89795876    
   4.84978294    
   4.79820871    
   4.74327278    
   4.68501329    
   4.62347126    
   4.55868959    
   4.49071407    
   4.41959190    
   4.34537315    
   4.26810980    
   4.18785524    
   4.10466719    
   4.01860285    
   3.92972302    
   3.83808923    
   3.74376678    
   3.64682102    
   3.54731989    
   3.44533348    
   3.34093285    
   3.23419142    
   3.12518382    
   3.01398659    
   2.90067744    
   2.78533602    
   2.66804290    
   2.54888034    
   2.42793202    
   2.30528235    
   2.18101764    
   2.05522466    
   1.92799175    
   1.79940796    
   1.66956317    
   1.53854871    
   1.40645623    
   1.27337837    
   1.13940811    
   1.00463963    
  0.869167209    
  0.733085871    
  0.596490800    
  0.459477812    
  0.322142839    
  0.184582204    
   4.68922108E-02
  -9.08306316E-02
 -0.228489831    
 -0.365988940    
 -0.503231645    
 -0.640121698    
 -0.776563287    
 -0.912460685    
  -1.04771888    
  -1.18224275    
  -1.31593847    
  -1.44871199    
  -1.58047068    
  -1.71112180    
  -1.84057415    
  -1.96873665    
  -2.09551978    
  -2.22083521    
  -2.34459424    
  -2.46671009    
  -2.58709788    
  -2.70567274    
  -2.82235217    
  -2.93705392    
  -3.04969788    
  -3.16020465    
  -3.26849723    
  -3.37450004    
  -3.47813821    
  -3.57933950    
  -3.67803264    
  -3.77414870    
  -3.86762047    
  -3.95838237    
  -4.04637051    
  -4.13152409    
  -4.21378231    
  -4.29308796    
  -4.36938620    
  -4.44262218    
  -4.51274586    
  -4.57970762    
  -4.64346027    
  -4.70395947    
  -4.76116276    
  -4.81503057    
  -4.86552382    
  -4.91260815    
  -4.95625067    
  -4.99642086    
  -5.03308916    
  -5.06623173    
  -5.09582424    
  -5.12184668    
  -5.14427996    
  -5.16310883    
  -5.17832041    
  -5.18990326    
  -5.19785023    
  -5.20215464    
  -5.20281458    
  -5.19982862    
  -5.19319963    
  -5.18293190    
  -5.16903257    
  -5.15151167    
  -5.13038111    
  -5.10565567    
  -5.07735348    
  -5.04549313    
  -5.01009750    
  -4.97119236    
  -4.92880297    
  -4.88296080    
  -4.83369684    
  -4.78104639    
  -4.72504616    
  -4.66573477    
  -4.60315466    
  -4.53734922    
  -4.46836424    
  -4.39624882    
  -4.32105303    
  -4.24282980    
  -4.16163301    
  -4.07752085    
  -3.99055171    
  -3.90078664    
  -3.80828810    
  -3.71312118    
  -3.61535287    
  -3.51505136    
  -3.41228700    
  -3.30713058    
  -3.19965720    
  -3.08994150    
  -2.97806096    
  -2.86409378    
  -2.74812007    
  -2.63022017    
  -2.51047778    
  -2.38897610    
  -2.26580071    
  -2.14103770    
  -2.01477432    
  -1.88709939    
  -1.75810218    
  -1.62787318    
  -1.49650335    
  -1.36408520    
  -1.23071110    
  -1.09647465    
 -0.961470008    
 -0.825791657    
 -0.689534724    
 -0.552794516    
 -0.415667117    
 -0.278248399    
 -0.140634745    
  -2.92253681E-03
  0.134791717    
  0.272411525    
  0.409840465    
  0.546982229    
  0.683740735    
  0.820020080    
  0.955724955    
   1.09076011    
   1.22503114    
   1.35844362    
   1.49090445    
   1.62232041    
   1.75259984    
   1.88165116    
   2.00938416    
   2.13570905    
   2.26053739    
   2.38378215    
   2.50535655    
   2.62517548    
   2.74315500    
   2.85921216    
   2.97326612    
   3.08523703    
   3.19504595    
   3.30261612    
   3.40787220    
   3.51074052    
   3.61114907    
   3.70902729    
   3.80430651    
   3.89692020    
   3.98680353    
   4.07389307    
   4.15812826    
   4.23944998    
   4.31780100    
   4.39312744    
   4.46537495    
   4.53449392    
   4.60043526    
   4.66315365    
   4.72260427    
   4.77874613    
   4.83153963    
   4.88094759    
   4.92693520    
   4.96947145    
   5.00852537    
   5.04406977    
   5.07607985    
   5.10453320    
   5.12941027    
   5.15069294    
   5.16836691    
   5.18241930    
   5.19284010    
   5.19962263    
   5.20276213    
   5.20225620    
   5.19810486    
   5.19031143    
   5.17888165    
   5.16382265    
   5.14514542    
   5.12286282    
   5.09699154    
   5.06754827    
   5.03455448    
   4.99803305    
   4.95800972    
   4.91451263    
   4.86757135    
   4.81722021    
   4.76349306    
   4.70642853    
   4.64606619    
   4.58244848    
   4.51562023    
   4.44562817    
   4.37252045    
   4.29634953    
   4.21716785    
   4.13503122    
   4.04999781    
   3.96212602    
   3.87147832    
   3.77811813    
   3.68211031    
   3.58352280    
   3.48242426    
   3.37888551    
   3.27297950    
   3.16478014    
   3.05436325    
   2.94180608    
   2.82718801    
   2.71058869    
   2.59209013    
   2.47177553    
   2.34972882    
   2.22603559    
   2.10078287    
   1.97405815    
   1.84595013    
   1.71654880    
   1.58594453    
   1.45422924    
   1.32149494    
   1.18783462    
   1.05334210    
  0.918111444    
  0.782237530    
  0.645815492    
  0.508940935    
  0.371709794    
  0.234218210    
   9.65625122E-02
  -4.11608480E-02
 -0.178855360    
 -0.316424578    
 -0.453772038    
 -0.590801597    
 -0.727417171    
 -0.863523066    
 -0.999023855    
  -1.13382471    
  -1.26783109    
  -1.40094924    
  -1.53308558    
  -1.66414773    
  -1.79404402    
  -1.92268324    
  -2.04997492    
  -2.17583060    
  -2.30016160    
  -2.42288089    
  -2.54390264    
  -2.66314197    
  -2.78051519    
  -2.89594007    
  -3.00933599    
  -3.12062287    
  -3.22972393    
  -3.33656168    
  -3.44106126    
  -3.54314995    
  -3.64275622    
  -3.73980975    
  -3.83424330    
  -3.92598963    
  -4.01498556    
  -4.10116816    
  -4.18447733    
  -4.26485443    
  -4.34224319    
  -4.41658926    
  -4.48784113    
  -4.55594826    
  -4.62086248    
  -4.68253994    
  -4.74093580    
  -4.79601002    
  -4.84772396    
  -4.89604092    
  -4.94092703    
  -4.98235178    
  -5.02028513    
  -5.05470133    
  -5.08557510    
  -5.11288595    
  -5.13661432    
  -5.15674305    
  -5.17325878    
  -5.18615007    
  -5.19540739    
  -5.20102406    
  -5.20299673    
  -5.20132399    
  -5.19600630    
  -5.18704844    
  -5.17445564    
  -5.15823746    
  -5.13840485    
  -5.11497211    
  -5.08795500    
  -5.05737305    
  -5.02324772    
  -4.98560286    
  -4.94446373    
  -4.89986086    
  -4.85182476    
  -4.80038881    
  -4.74558926    
  -4.68746519    
  -4.62605619    
  -4.56140566    
  -4.49355936    
  -4.42256451    
  -4.34847069    
  -4.27133036    
  -4.19119644    
  -4.10812664    
  -4.02217770    
  -3.93341088    
  -3.84188795    
  -3.74767303    
  -3.65083218    
  -3.55143332    
  -3.44954610    
  -3.34524202    
  -3.23859334    
  -3.12967610    
  -3.01856542    
  -2.90534019    
  -2.79007888    
  -2.67286277    
  -2.55377388    
  -2.43289566    
  -2.31031251    
  -2.18611073    
  -2.06037736    
  -1.93320012    
  -1.80466843    
  -1.67487192    
  -1.54390228    
  -1.41185069    
  -1.27880979    
  -1.14487278    
  -1.01013374    
 -0.874686956    
 -0.738627195    
 -0.602049887    
 -0.465050787    
 -0.327725828    
 -0.190171212    
  -5.24833500E-02
   8.52412805E-02
  0.222906172    
  0.360414922    
  0.497671068    
  0.634578526    
  0.771041393    
  0.906964004    
   1.04225099    
   1.17680788    
   1.31054008    
   1.44335401    
   1.57515669    
   1.70585573    
   1.83535933    
   1.96357703    
   2.09041882    
   2.21579599    
   2.33962083    
   2.46180582    
   2.58226609    
   2.70091701    
   2.81767559    
   2.93245983    
   3.04518914    
   3.15578532    
   3.26416993    
   3.37026739    
   3.47400308    
   3.57530499    
   3.67410159    
   3.77032399    
   3.86390424    
   3.95477748    
   4.04287958    
   4.12814903    
   4.21052599    
   4.28995228    
   4.36637306    
   4.43973446    
   4.50998449    
   4.57707500    
   4.64095879    
   4.70159006    
   4.75892735    
   4.81293011    
   4.86356020    
   4.91078281    
   4.95456457    
   4.99487448    
   5.03168488    
   5.06496954    
   5.09470558    
   5.12087154    
   5.14344931    
   5.16242313    
   5.17778015    
   5.18950891    
   5.19760132    
   5.20205212    
   5.20285845    
   5.20001841    
   5.19353533    
   5.18341303    
   5.16965866    
   5.15228224    
   5.13129568    
   5.10671377    
   5.07855368    
   5.04683495    
   5.01157999    
   4.97281361    
   4.93056345    
   4.88485765    
   4.83572960    
   4.78321314    
   4.72734547    
   4.66816473    
   4.60571384    
   4.54003525    
   4.47117615    
   4.39918375    
   4.32410860    
   4.24600410    
   4.16492462    
   4.08092690    
   3.99406934    
   3.90441346    
   3.81202197    
   3.71695924    
   3.61929202    
   3.51908898    
   3.41642046    
   3.31135798    
   3.20397496    
   3.09434724    
   2.98255134    
   2.86866546    
   2.75276971    
   2.63494515    
   2.51527429    
   2.39384127    
   2.27073073    
   2.14602900    
   2.01982379    
   1.89220321    
   1.76325691    
   1.63307512    
   1.50174892    
   1.36937058    
   1.23603284    
   1.10182893    
  0.966853023    
  0.831199646    
  0.694963872    
  0.558241129    
  0.421127260    
  0.283718288    
  0.146110550    
   8.40042159E-03
 -0.129315585    
 -0.266941011    
 -0.404379338    
 -0.541534364    
 -0.678309977    
 -0.814610243    
 -0.950339735    
  -1.08540344    
  -1.21970654    
  -1.35315502    
  -1.48565543    
  -1.61711478    
  -1.74744105    
  -1.87654293    
  -2.00432992    
  -2.13071275    
  -2.25560236    
  -2.37891173    
  -2.50055408    
  -2.62044454    
  -2.73849869    
  -2.85463428    
  -2.96876931    
  -3.08082414    
  -3.19072056    
  -3.29838133    
  -3.40373111    
  -3.50669575    
  -3.60720348    
  -3.70518327    
  -3.80056763    
  -3.89328837    
  -3.98328137    
  -4.07048321    
  -4.15483332    
  -4.23627186    
  -4.31474257    
  -4.39018965    
  -4.46256065    
  -4.53180504    
  -4.59787369    
  -4.66072130    
  -4.72030258    
  -4.77657700    
  -4.82950401    
  -4.87904739    
  -4.92517185    
  -4.96784592    
  -5.00703859    
  -5.04272318    
  -5.07487440    
  -5.10346985    
  -5.12848949    
  -5.14991522    
  -5.16773272    
  -5.18192959    
  -5.19249535    
  -5.19942284    
  -5.20270681    
  -5.20234585    
  -5.19833946    
  -5.19069099    
  -5.17940521    
  -5.16449070    
  -5.14595699    
  -5.12381792    
  -5.09808874    
  -5.06878757    
  -5.03593445    
  -4.99955273    
  -4.95966816    
  -4.91630983    
  -4.86950731    
  -4.81929302    
  -4.76570177    
  -4.70877218    
  -4.64854288    
  -4.58505726    
  -4.51835871    
  -4.44849491    
  -4.37551403    
  -4.29946756    
  -4.22040844    
  -4.13839293    
  -4.05347776    
  -3.96572256    
  -3.87518883    
  -3.78193998    
  -3.68604159    
  -3.58756042    
  -3.48656583    
  -3.38312840    
  -3.27732086    
  -3.16921711    
  -3.05889273    
  -2.94642496    
  -2.83189321    
  -2.71537709    
  -2.59695864    
  -2.47672081    
  -2.35474753    
  -2.23112464    
  -2.10593843    
  -1.97927678    
  -1.85122836    
  -1.72188294    
  -1.59133101    
  -1.45966411    
  -1.32697475    
  -1.19335556    
  -1.05890024    
 -0.923703074    
 -0.787858725    
 -0.651462317    
 -0.514609516    
 -0.377396196    
 -0.239918411    
 -0.102272570    
   3.54449414E-02
  0.173137620    
  0.310709000    
  0.448062688    
  0.585102439    
  0.721732199    
  0.857856333    
  0.993379474    
   1.12820661    
   1.26224327    
   1.39539552    
   1.52757025    
   1.65867460    
   1.78861690    
   1.91730595    
   2.04465175    
   2.17056489    
   2.29495740    
   2.41774201    
   2.53883266    
   2.65814424    
   2.77559376    
   2.89109874    
   3.00457811    
   3.11595178    
   3.22514296    
   3.33207440    
   3.43667102    
   3.53886008    
   3.63856959    
   3.73572993    
   3.83027267    
   3.92213202    
   4.01124334    
   4.09754419    
   4.18097448    
   4.26147509    
   4.33899021    
   4.41346502    
   4.48484802    
   4.55308819    
   4.61813927    
   4.67995405    
   4.73849010    
   4.79370594    
   4.84556341    
   4.89402628    
