   0.00000000    
  0.134366408    
  0.268638670    
  0.402722687    
  0.536524594    
  0.669950485    
  0.802907050    
  0.935301006    
   1.06703961    
   1.19803071    
   1.32818210    
   1.45740306    
   1.58560288    
   1.71269166    
   1.83858049    
   1.96318090    
   2.08640599    
   2.20816922    
   2.32838488    
   2.44696951    
   2.56383920    
   2.67891264    
   2.79210925    
   2.90334916    
   3.01255536    
   3.11965013    
   3.22455931    
   3.32720923    
   3.42752743    
   3.52544451    
   3.62089157    
   3.71380138    
   3.80410886    
   3.89175129    
   3.97666669    
   4.05879545    
   4.13808107    
   4.21446657    
   4.28789997    
   4.35832834    
   4.42570305    
   4.48997641    
   4.55110455    
   4.60904312    
   4.66375303    
   4.71519518    
   4.76333284    
   4.80813360    
   4.84956503    
   4.88759851    
   4.92220783    
   4.95336819    
   4.98105764    
   5.00525713    
   5.02594995    
   5.04312086    
   5.05675840    
   5.06685257    
   5.07339668    
   5.07638645    
   5.07581854    
   5.07169485    
   5.06401730    
   5.05279160    
   5.03802586    
   5.01972961    
   4.99791670    
   4.97260141    
   4.94380236    
   4.91153908    
   4.87583447    
   4.83671379    
   4.79420424    
   4.74833536    
   4.69913912    
   4.64665127    
   4.59090662    
   4.53194571    
   4.46980953    
   4.40454149    
   4.33618689    
   4.26479435    
   4.19041348    
   4.11309671    
   4.03289795    
   3.94987392    
   3.86408186    
   3.77558231    
   3.68443751    
   3.59071112    
   3.49446893    
   3.39577818    
   3.29470825    
   3.19132972    
   3.08571482    
   2.97793818    
   2.86807489    
   2.75620222    
   2.64239812    
   2.52674270    
   2.40931702    
   2.29020309    
   2.16948438    
   2.04724574    
   1.92357254    
   1.79855168    
   1.67227054    
   1.54481769    
   1.41628242    
   1.28675485    
   1.15632570    
   1.02508640    
  0.893128753    
  0.760545373    
  0.627429008    
  0.493873119    
  0.359971195    
  0.225817010    
   9.15046185E-02
  -4.28718813E-02
 -0.177218348    
 -0.311440647    
 -0.445444703    
 -0.579136729    
 -0.712422907    
 -0.845209897    
 -0.977404714    
  -1.10891461    
  -1.23964763    
  -1.36951208    
  -1.49841678    
  -1.62627184    
  -1.75298727    
  -1.87847447    
  -2.00264549    
  -2.12541342    
  -2.24669194    
  -2.36639643    
  -2.48444271    
  -2.60074830    
  -2.71523190    
  -2.82781267    
  -2.93841195    
  -3.04695296    
  -3.15335846    
  -3.25755477    
  -3.35946870    
  -3.45902872    
  -3.55616522    
  -3.65080976    
  -3.74289656    
  -3.83236027    
  -3.91914010    
  -4.00317383    
  -4.08440256    
  -4.16276932    
  -4.23821926    
  -4.31069994    
  -4.38015985    
  -4.44655037    
  -4.50982618    
  -4.56994152    
  -4.62685442    
  -4.68052578    
  -4.73091793    
  -4.77799463    
  -4.82172346    
  -4.86207438    
  -4.89901829    
  -4.93252897    
  -4.96258450    
  -4.98916245    
  -5.01224422    
  -5.03181410    
  -5.04785872    
  -5.06036615    
  -5.06932783    
  -5.07473755    
  -5.07659149    
  -5.07488871    
  -5.06962967    
  -5.06081867    
  -5.04846144    
  -5.03256702    
  -5.01314640    
  -4.99021292    
  -4.96378279    
  -4.93387508    
  -4.90051031    
  -4.86371136    
  -4.82350492    
  -4.77991867    
  -4.73298311    
  -4.68273163    
  -4.62919855    
  -4.57242203    
  -4.51244164    
  -4.44929981    
  -4.38303995    
  -4.31370926    
  -4.24135590    
  -4.16603088    
  -4.08778667    
  -4.00667858    
  -3.92276263    
  -3.83609819    
  -3.74674606    
  -3.65476847    
  -3.56023026    
  -3.46319723    
  -3.36373758    
  -3.26192141    
  -3.15781927    
  -3.05150485    
  -2.94305182    
  -2.83253717    
  -2.72003746    
  -2.60563207    
  -2.48940086    
  -2.37142539    
  -2.25178838    
  -2.13057375    
  -2.00786591    
  -1.88375127    
  -1.75831687    
  -1.63165033    
  -1.50384057    
  -1.37497723    
  -1.24515033    
  -1.11445093    
 -0.982970715    
 -0.850801826    
 -0.718036711    
 -0.584768474    
 -0.451090574    
 -0.317096531    
 -0.182880327    
  -4.85359877E-02
   8.58423561E-02
  0.220160574    
  0.354324490    
  0.488240182    
  0.621813774    
  0.754951596    
  0.887560487    
   1.01954758    
   1.15082014    
   1.28128648    
   1.41085482    
   1.53943479    
   1.66693604    
   1.79326952    
   1.91834629    
   2.04207873    
   2.16438055    
   2.28516603    
   2.40435004    
   2.52184939    
   2.63758183    
   2.75146627    
   2.86342239    
   2.97337246    
   3.08123922    
   3.18694711    
   3.29042172    
   3.39159060    
   3.49038339    
   3.58673048    
   3.68056440    
   3.77181935    
   3.86043191    
   3.94633913    
   4.02948093    
   4.10979986    
   4.18723869    
   4.26174402    
   4.33326340    
   4.40174580    
   4.46714497    
   4.52941322    
   4.58850813    
   4.64438820    
   4.69701385    
   4.74634838    
   4.79235697    
   4.83500814    
   4.87427092    
   4.91011906    
   4.94252586    
   4.97147036    
   4.99693155    
   5.01889086    
   5.03733397    
   5.05224752    
   5.06362057    
   5.07144594    
   5.07571793    
   5.07643366    
   5.07359219    
   5.06719542    
   5.05724907    
   5.04375839    
   5.02673388    
   5.00618744    
   4.98213291    
   4.95458746    
   4.92357111    
   4.88910389    
   4.85121202    
   4.80992031    
   4.76525831    
   4.71725798    
   4.66595221    
   4.61137676    
   4.55357027    
   4.49257326    
   4.42842865    
   4.36118078    
   4.29087734    
   4.21756744    
   4.14130211    
   4.06213474    
   3.98012185    
   3.89531970    
   3.80778837    
   3.71758890    
   3.62478471    
   3.52944064    
   3.43162346    
   3.33140182    
   3.22884607    
   3.12402797    
   3.01702046    
   2.90789962    
   2.79674101    
   2.68362284    
   2.56862402    
   2.45182562    
   2.33330941    
   2.21315813    
   2.09145617    
   1.96828878    
   1.84374237    
   1.71790373    
   1.59086168    
   1.46270490    
   1.33352315    
   1.20340717    
   1.07244790    
  0.940737188    
  0.808367372    
  0.675431073    
  0.542021513    
  0.408232242    
  0.274156868    
  0.139889404    
   5.52393310E-03
 -0.128845409    
 -0.263124466    
 -0.397219181    
 -0.531035542    
 -0.664479852    
 -0.797458470    
 -0.929878473    
  -1.06164682    
  -1.19267142    
  -1.32286012    
  -1.45212221    
  -1.58036661    
  -1.70750368    
  -1.83344448    
  -1.95810044    
  -2.08138466    
  -2.20321012    
  -2.32349205    
  -2.44214606    
  -2.55908871    
  -2.67423844    
  -2.78751421    
  -2.89883685    
  -3.00812840    
  -3.11531210    
  -3.22031307    
  -3.32305765    
  -3.42347383    
  -3.52149129    
  -3.61704111    
  -3.71005678    
  -3.80047274    
  -3.88822579    
  -3.97325444    
  -4.05549908    
  -4.13490248    
  -4.21140814    
  -4.28496313    
  -4.35551548    
  -4.42301655    
  -4.48741817    
  -4.54867554    
  -4.60674572    
  -4.66158819    
  -4.71316433    
  -4.76143789    
  -4.80637550    
  -4.84794521    
  -4.88611794    
  -4.92086697    
  -4.95216846    
  -4.98000002    
  -5.00434208    
  -5.02517748    
  -5.04249191    
  -5.05627346    
  -5.06651163    
  -5.07320023    
  -5.07633400    
  -5.07591105    
  -5.07193136    
  -5.06439829    
  -5.05331612    
  -5.03869343    
  -5.02054024    
  -4.99886894    
  -4.97369528    
  -4.94503689    
  -4.91291332    
  -4.87734747    
  -4.83836412    
  -4.79599047    
  -4.75025654    
  -4.70119429    
  -4.64883757    
  -4.59322405    
  -4.53439188    
  -4.47238255    
  -4.40723944    
  -4.33900833    
  -4.26773691    
  -4.19347572    
  -4.11627531    
  -4.03619146    
  -3.95327926    
  -3.86759710    
  -3.77920485    
  -3.68816495    
  -3.59454060    
  -3.49839735    
  -3.39980316    
  -3.29882693    
  -3.19553900    
  -3.09001207    
  -2.98232007    
  -2.87253857    
  -2.76074409    
  -2.64701533    
  -2.53143167    
  -2.41407466    
  -2.29502583    
  -2.17436886    
  -2.05218863    
  -1.92857039    
  -1.80360079    
  -1.67736757    
  -1.54995883    
  -1.42146420    
  -1.29197359    
  -1.16157770    
  -1.03036785    
 -0.898436129    
 -0.765874863    
 -0.632776916    
 -0.499235630    
 -0.365344584    
 -0.231197506    
  -9.68884379E-02
   3.74885164E-02
  0.171839207    
  0.306069493    
  0.440085292    
  0.573792815    
  0.707098246    
  0.839908183    
  0.972129643    
   1.10367000    
   1.23443699    
   1.36433899    
   1.49328506    
   1.62118483    
   1.74794865    
   1.87348783    
   1.99771416    
   2.12054086    
   2.24188161    
   2.36165142    
   2.47976661    
   2.59614420    
   2.71070290    
   2.82336211    
   2.93404317    
   3.04266834    
   3.14916158    
   3.25344801    
   3.35545516    
   3.45511127    
   3.55234623    
   3.64709210    
   3.73928261    
   3.82885313    
   3.91574073    
   3.99988484    
   4.08122587    
   4.15970802    
   4.23527479    
   4.30787420    
   4.37745523    
   4.44396925    
   4.50736952    
   4.56761122    
   4.62465286    
   4.67845345    
   4.72897625    
   4.77618599    
   4.82004881    
   4.86053419    
   4.89761400    
   4.93126202    
   4.96145487    
   4.98817158    
   5.01139307    
   5.03110313    
   5.04728794    
   5.05993605    
   5.06903934    
   5.07459021    
   5.07658577    
   5.07502413    
   5.06990671    
   5.06123686    
   5.04902077    
   5.03326654    
   5.01398563    
   4.99119186    
   4.96490049    
   4.93513060    
   4.90190315    
   4.86524057    
   4.82516861    
   4.78171635    
   4.73491335    
   4.68479300    
   4.63138962    
   4.57474136    
   4.51488781    
   4.45187044    
   4.38573408    
   4.31652451    
   4.24429083    
   4.16908312    
   4.09095383    
   4.00995827    
   3.92615318    
   3.83959699    
   3.75035048    
   3.65847611    
   3.56403828    
   3.46710348    
   3.36773896    
   3.26601481    
   3.16200256    
   3.05577469    
   2.94740534    
   2.83697104    
   2.72454882    
   2.61021757    
   2.49405766    
   2.37614989    
   2.25657749    
   2.13542366    
   2.01277375    
   1.88871348    
   1.76332986    
   1.63671064    
   1.50894463    
   1.38012135    
   1.25033116    
   1.11966479    
  0.988213837    
  0.856070578    
  0.723327339    
  0.590077400    
  0.456413954    
  0.322430730    
  0.188221559    
   5.38805202E-02
  -8.04982781E-02
 -0.214820668    
 -0.348992556    
 -0.482919872    
 -0.616508842    
 -0.749665856    
 -0.882297575    
  -1.01431108    
  -1.14561391    
  -1.27611399    
  -1.40571988    
  -1.53434086    
  -1.66188228    
  -1.78825915    
  -1.91338325    
  -2.03716683    
  -2.15952301    
  -2.28036594    
  -2.39961147    
  -2.51717567    
  -2.63297606    
  -2.74693227    
  -2.85896349    
  -2.96899152    
  -3.07693982    
  -3.18273187    
  -3.28629446    
  -3.38755417    
  -3.48644066    
  -3.58288431    
  -3.67681789    
  -3.76817536    
  -3.85689235    
  -3.94290733    
  -4.02616024    
  -4.10659170    
  -4.18414593    
  -4.25876904    
  -4.33040810    
  -4.39901352    
  -4.46453619    
  -4.52693129    
  -4.58615446    
  -4.64216471    
  -4.69492245    
  -4.74439096    
  -4.79053497    
  -4.83332300    
  -4.87272406    
  -4.90871191    
  -4.94125986    
  -4.97034645    
  -4.99595022    
  -5.01805353    
  -5.03664160    
  -5.05170059    
  -5.06322002    
  -5.07119226    
  -5.07561159    
  -5.07647467    
  -5.07378101    
  -5.06753254    
  -5.05773354    
  -5.04439068    
  -5.02751398    
  -5.00711489    
  -4.98320723    
  -4.95580864    
  -4.92493773    
  -4.89061594    
  -4.85286808    
  -4.81171989    
  -4.76720047    
  -4.71934128    
  -4.66817522    
  -4.61373854    
  -4.55606937    
  -4.49520826    
  -4.43119764    
  -4.36408234    
  -4.29390955    
  -4.22072840    
  -4.14458942    
  -4.06554699    
  -3.98365641    
  -3.89897466    
  -3.81156111    
  -3.72147679    
  -3.62878561    
  -3.53355145    
  -3.43584180    
  -3.33572483    
  -3.23327112    
  -3.12855172    
  -3.02164054    
  -2.91261220    
  -2.80154300    
  -2.68851137    
  -2.57359600    
  -2.45687747    
  -2.33843732    
  -2.21835899    
  -2.09672642    
  -1.97362483    
  -1.84914041    
  -1.72336054    
