   109.999565    
   109.000000    
   93.0000000    
   99.0000000    
   93.0000000    
   109.000000    
   101.000000    
   90.0000000    
   98.0000000    
   90.0000000    
   92.0000000    
   102.000000    
   91.0000000    
   97.0000000    
   103.000000    
   93.0000000    
   92.0000000    
   96.0000000    
   92.0000000    
   106.000000    
   99.0000000    
   90.0000000    
   95.0000000    
   103.000000    
   97.0000000    
   106.000000    
   91.0000000    
   94.0000000    
   90.0000000    
   110.000000    
   110.000000    
   110.000000    
   96.0000000    
   104.000000    
   101.000000    
   108.000000    
   92.0000000    
   97.0000000    
   107.000000    
   96.0000000    
   99.0000000    
   99.0000000    
   96.0000000    
   96.0000000    
   102.000000    
   95.0000000    
   98.0000000    
   104.000000    
   105.000000    
   101.000000    
   106.999565    
   100.999565    
   102.999565    
   97.9995651    
   109.999565    
   90.9995651    
   96.9995651    
   107.999565    
   89.9995651    
   109.999565    
   98.9995651    
   92.9995651    
   96.9995651    
   109.999565    
   95.9995651    
   91.9995651    
   102.999565    
   107.999565    
   89.9995651    
   97.9995651    
   109.999565    
   104.999565    
   106.999565    
   98.9995651    
   95.9995651    
   104.999565    
   89.9995651    
   95.9995651    
   91.9995651    
   97.9995651    
   97.9995651    
   107.999565    
   106.999565    
   109.999565    
   100.999565    
   100.999565    
   89.9995651    
   89.9995651    
   90.9995651    
   105.999565    
   100.999565    
   100.999565    
   102.999565    
   104.999565    
   90.9995651    
   90.9995651    
   95.9995651    
   102.999565    
   105.999565    
   101.999565    
   94.0000000    
   101.000000    
   108.000000    
   101.000000    
   109.000000    
   108.000000    
   110.000000    
   106.000000    
   93.0000000    
   98.0000000    
   105.000000    
   104.000000    
   90.0000000    
   91.0000000    
   97.0000000    
   96.0000000    
   106.000000    
   96.0000000    
   97.0000000    
   92.0000000    
   91.0000000    
   105.000000    
   94.0000000    
   103.000000    
   94.0000000    
   108.000000    
   110.000000    
   90.0000000    
   106.000000    
   95.0000000    
   96.0000000    
   95.0000000    
   102.000000    
   98.0000000    
   101.000000    
   99.0000000    
   91.0000000    
   106.000000    
   104.000000    
   93.0000000    
   97.0000000    
   95.0000000    
   93.0000000    
   94.0000000    
   90.0000000    
   103.000000    
   93.0000000    
   102.000000    
   109.000000    
   104.000000    
   104.999565    
   105.999565    
   96.9995651    
   89.9995651    
   100.999565    
   93.9995651    
   95.9995651    
   91.9995651    
   105.999565    
   98.9995651    
   103.999565    
   101.999565    
   109.999565    
   95.9995651    
   91.9995651    
   93.9995651    
   104.999565    
   93.9995651    
   95.9995651    
   94.9995651    
   104.999565    
   89.9995651    
   103.999565    
   97.9995651    
   94.9995651    
   106.999565    
   100.999565    
   109.999565    
   107.999565    
   98.9995651    
   93.9995651    
   95.9995651    
   94.9995651    
   106.999565    
   97.9995651    
   106.999565    
   107.999565    
   90.9995651    
   89.9995651    
   94.9995651    
   103.999565    
   105.999565    
   101.999565    
   89.9995651    
   105.999565    
   104.999565    
   105.999565    
   104.999565    
   93.9995651    
   100.999565    
   95.0000000    
   96.0000000    
   90.0000000    
   104.000000    
   102.000000    
   108.000000    
   106.000000    
   101.000000    
   93.0000000    
   98.0000000    
   103.000000    
   93.0000000    
   97.0000000    
   103.000000    
   93.0000000    
   109.000000    
   101.000000    
   91.0000000    
   106.000000    
   109.000000    
   105.000000    
   99.0000000    
   93.0000000    
   106.000000    
   103.000000    
   98.0000000    
   105.000000    
   90.0000000    
   96.0000000    
   98.0000000    
   98.0000000    
   93.0000000    
   90.0000000    
   109.000000    
   105.000000    
   104.000000    
   107.000000    
   110.000000    
   107.000000    
   94.0000000    
   103.000000    
   107.000000    
   94.0000000    
   110.000000    
   106.000000    
   91.0000000    
   108.000000    
   105.000000    
   95.0000000    
   105.000000    
   93.9995651    
   108.999565    
   103.999565    
   91.9995651    
   101.999565    
   105.999565    
   100.999565    
   107.999565    
   95.9995651    
   92.9995651    
   105.999565    
   108.999565    
   89.9995651    
   100.999565    
   89.9995651    
   96.9995651    
   95.9995651    
   89.9995651    
   101.999565    
   100.999565    
   93.9995651    
   91.9995651    
   93.9995651    
   105.999565    
   92.9995651    
   105.999565    
   93.9995651    
   92.9995651    
   105.999565    
   91.9995651    
   105.999565    
   107.999565    
   107.999565    
   109.999565    
   109.999565    
   95.9995651    
   94.9995651    
   89.9995651    
   97.9995651    
   103.999565    
   98.9995651    
   91.9995651    
   101.999565    
   96.9995651    
   92.9995651    
   90.9995651    
   100.999565    
   108.999565    
   96.9995651    
   103.999565    
