   1.00000000    
  0.998026729    
  0.992114723    
  0.982287228    
  0.968583167    
  0.951056540    
  0.929776490    
  0.904827058    
  0.876306653    
  0.844327927    
  0.809016943    
  0.770513177    
  0.728968561    
  0.684547007    
  0.637423873    
  0.587785065    
  0.535826623    
  0.481753498    
  0.425779104    
  0.368124336    
  0.309016734    
  0.248689592    
  0.187380999    
  0.125332892    
   6.27901480E-02
  -4.01339264E-07
  -6.27909452E-02
 -0.125333682    
 -0.187381789    
 -0.248690382    
 -0.309017509    
 -0.368125081    
 -0.425779819    
 -0.481754214    
 -0.535827339    
 -0.587785780    
 -0.637424529    
 -0.684547603    
 -0.728969157    
 -0.770513713    
 -0.809017479    
 -0.844328344    
 -0.876307070    
 -0.904827416    
 -0.929776788    
 -0.951056778    
 -0.968583405    
 -0.982287407    
 -0.992114842    
 -0.998026788    
  -1.00000000    
 -0.998026669    
 -0.992114544    
 -0.982287049    
 -0.968582869    
 -0.951056182    
 -0.929776073    
 -0.904826522    
 -0.876306057    
 -0.844327271    
 -0.809016228    
 -0.770512402    
 -0.728967726    
 -0.684546113    
 -0.637423098    
 -0.587784290    
 -0.535825789    
 -0.481752574    
 -0.425778151    
 -0.368123353    
 -0.309015751    
 -0.248688594    
 -0.187379971    
 -0.125331849    
  -6.27891049E-02
   1.44243631E-06
   6.27919883E-02
  0.125334710    
  0.187382802    
  0.248691380    
  0.309018493    
  0.368126035    
  0.425780773    
  0.481755108    
  0.535828233    
  0.587786615    
  0.637425303    
  0.684548378    
  0.728969872    
  0.770514369    
  0.809018075    
  0.844328940    
  0.876307607    
  0.904827833    
  0.929777205    
  0.951057136    
  0.968583643    
  0.982287645    
  0.992114961    
  0.998026848    
   1.00000000    
  0.998026609    
  0.992114425    
  0.982286870    
  0.968582630    
  0.951055825    
  0.929775655    
  0.904826105    
  0.876305580    
  0.844326675    
  0.809015632    
  0.770511746    
  0.728967011    
  0.684545338    
  0.637422085    
  0.587783277    
  0.535824716    
  0.481751472    
  0.425776988    
  0.368122160    
  0.309014529    
  0.248687357    
  0.187378719    
  0.125330582    
   6.27878308E-02
  -2.72195211E-06
  -6.27932623E-02
 -0.125335991    
 -0.187383592    
 -0.248692155    
 -0.309019238    
 -0.368126780    
 -0.425781488    
 -0.481755823    
 -0.535828888    
 -0.587787271    
 -0.637425959    
 -0.684548974    
 -0.728970408    
 -0.770514905    
 -0.809018552    
 -0.844329357    
 -0.876307964    
 -0.904828191    
 -0.929777503    
 -0.951057374    
 -0.968583882    
 -0.982287765    
 -0.992115080    
 -0.998026907    
  -1.00000000    
 -0.998026550    
 -0.992114305    
 -0.982286692    
 -0.968582392    
 -0.951055586    
 -0.929775357    
 -0.904825747    
 -0.876305163    
 -0.844326258    
 -0.809015155    
 -0.770511210    
 -0.728966415    
 -0.684544742    
 -0.637421489    
 -0.587782621    
 -0.535824001    
 -0.481750757    
 -0.425776273    
 -0.368121415    
 -0.309013754    
 -0.248686567    
 -0.187377930    
 -0.125329792    
  -6.27870262E-02
   3.52463053E-06
   6.27940595E-02
  0.125336781    
  0.187384859    
  0.248693407    
  0.309020460    
  0.368127972    
  0.425782651    
  0.481756955    
  0.535829961    
  0.587788284    
  0.637426913    
  0.684549928    
  0.728971243    
  0.770515740    
  0.809019268    
  0.844330013    
  0.876308560    
  0.904828727    
  0.929777980    
  0.951057792    
  0.968584180    
  0.982288003    
  0.992115200    
  0.998026967    
   1.00000000    
  0.998026490    
  0.992114186    
  0.982286453    
  0.968582094    
  0.951055169    
  0.929774880    
  0.904825211    
  0.876304567    
  0.844325542    
  0.809014380    
  0.770510435    
  0.728965580    
  0.684543848    
  0.637420535    
  0.587781549    
  0.535822928    
  0.481749654    
  0.425775111    
  0.368120223    
  0.309012562    
  0.248685330    
  0.187376678    
  0.125328511    
   6.27857521E-02
  -4.80414610E-06
  -6.27953410E-02
 -0.125338048    
 -0.187386110    
 -0.248694643    
 -0.309021682    
 -0.368129164    
 -0.425783813    
 -0.481758058    
 -0.535831034    
 -0.587789357    
 -0.637427926    
 -0.684550822    
 -0.728972137    
 -0.770516515    
 -0.809020042    
 -0.844330728    
 -0.876309216    
 -0.904829323    
 -0.929778457    
 -0.951058149    
 -0.968584478    
 -0.982288241    
 -0.992115378    
 -0.998027086    
  -1.00000000    
 -0.998026371    
 -0.992114007    
 -0.982286215    
 -0.968581796    
 -0.951055110    
 -0.929774761    
 -0.904825091    
 -0.876304448    
 -0.844325423    
 -0.809014201    
 -0.770510197    
 -0.728965342    
 -0.684543610    
 -0.637420237    
 -0.587781310    
 -0.535822630    
 -0.481749356    
 -0.425774813    
 -0.368119925    
 -0.309012234    
 -0.248685017    
 -0.187376350    
 -0.125328198    
  -6.27854243E-02
   5.12998758E-06
   6.27956614E-02
  0.125338376    
  0.187386423    
  0.248694956    
  0.309022009    
  0.368129462    
  0.425784081    
  0.481758356    
  0.535831332    
  0.587789595    
  0.637428164    
  0.684551060    
  0.728972375    
  0.770516753    
  0.809020221    
  0.844330907    
  0.876309335    
  0.904829443    
  0.929778576    
  0.951058269    
  0.968584597    
  0.982288301    
  0.992115438    
  0.998027086    
