   0.00000000    
   6.27905205E-02
  0.125333235    
  0.187381327    
  0.248689905    
  0.309017003    
  0.368124545    
  0.425779283    
  0.481753707    
  0.535826862    
  0.587785304    
  0.637424052    
  0.684547186    
  0.728968740    
  0.770513356    
  0.809017122    
  0.844328046    
  0.876306772    
  0.904827118    
  0.929776549    
  0.951056600    
  0.968583226    
  0.982287288    
  0.992114723    
  0.998026729    
   1.00000000    
  0.998026729    
  0.992114663    
  0.982287169    
  0.968583047    
  0.951056361    
  0.929776311    
  0.904826820    
  0.876306415    
  0.844327569    
  0.809016585    
  0.770512819    
  0.728968143    
  0.684546590    
  0.637423396    
  0.587784588    
  0.535826087    
  0.481752932    
  0.425778508    
  0.368123740    
  0.309016138    
  0.248688981    
  0.187380373    
  0.125332251    
   6.27895072E-02
  -1.04109711E-06
  -6.27915859E-02
 -0.125334322    
 -0.187382415    
 -0.248690993    
 -0.309018105    
 -0.368125677    
 -0.425780386    
 -0.481754750    
 -0.535827875    
 -0.587786317    
 -0.637425005    
 -0.684548080    
 -0.728969574    
 -0.770514011    
 -0.809017718    
 -0.844328582    
 -0.876307249    
 -0.904827595    
 -0.929776967    
 -0.951056898    
 -0.968583524    
 -0.982287526    
 -0.992114902    
 -0.998026788    
  -1.00000000    
 -0.998026609    
 -0.992114544    
 -0.982286990    
 -0.968582749    
 -0.951056004    
 -0.929775894    
 -0.904826343    
 -0.876305878    
 -0.844327033    
 -0.809015989    
 -0.770512164    
 -0.728967428    
 -0.684545815    
 -0.637422621    
 -0.587783754    
 -0.535825253    
 -0.481752038    
 -0.425777555    
 -0.368122756    
 -0.309015125    
 -0.248687968    
 -0.187379345    
 -0.125331223    
  -6.27884641E-02
   2.08219421E-06
   6.27926216E-02
  0.125335351    
  0.187383443    
  0.248692006    
  0.309019089    
  0.368126631    
  0.425781339    
  0.481755674    
  0.535828769    
  0.587787151    
  0.637425840    
  0.684548855    
  0.728970289    
  0.770514786    
  0.809018433    
  0.844329238    
  0.876307905    
  0.904828131    
  0.929777443    
  0.951057315    
  0.968583822    
  0.982287765    
  0.992115021    
  0.998026907    
   1.00000000    
  0.998026550    
  0.992114365    
  0.982286811    
  0.968582571    
  0.951055765    
  0.929775596    
  0.904826045    
  0.876305521    
  0.844326615    
  0.809015512    
  0.770511627    
  0.728966892    
  0.684545219    
  0.637421966    
  0.587783098    
  0.535824537    
  0.481751323    
  0.425776839    
  0.368122011    
  0.309014380    
  0.248687193    
  0.187378556    
  0.125330418    
   6.27876669E-02
  -2.88487263E-06
  -6.27934262E-02
 -0.125336140    
 -0.187384218    
 -0.248692781    
 -0.309019864    
 -0.368127376    
 -0.425782055    
 -0.481756389    
 -0.535829425    
 -0.587787807    
 -0.637426436    
 -0.684549451    
 -0.728970826    
 -0.770515323    
 -0.809018910    
 -0.844329715    
 -0.876308262    
 -0.904828489    
 -0.929777741    
 -0.951057553    
 -0.968584001    
 -0.982287884    
 -0.992115140    
 -0.998026967    
  -1.00000000    
 -0.998026490    
 -0.992114246    
 -0.982286572    
 -0.968582273    
 -0.951055408    
 -0.929775119    
 -0.904825449    
 -0.876304865    
 -0.844325900    
 -0.809014797    
 -0.770510793    
 -0.728965998    
 -0.684544325    
 -0.637421012    
 -0.587782085    
 -0.535823464    
 -0.481750190    
 -0.425775677    
 -0.368120819    
 -0.309013158    
 -0.248685956    
 -0.187377304    
 -0.125329152    
  -6.27863854E-02
   4.16438843E-06
   6.27947003E-02
  0.125337422    
  0.187385485    
  0.248694018    
  0.309021086    
  0.368128568    
  0.425783217    
  0.481757492    
  0.535830498    
  0.587788820    
  0.637427390    
  0.684550345    
  0.728971720    
  0.770516098    
  0.809019685    
  0.844330370    
  0.876308918    
  0.904829025    
  0.929778218    
  0.951057971    
  0.968584359    
  0.982288122    
  0.992115319    
  0.998027027    
   1.00000000    
  0.998026431    
  0.992114067    
  0.982286334    
  0.968581915    
  0.951054990    
  0.929774642    
  0.904824913    
  0.876304269    
  0.844325244    
  0.809014022    
  0.770510018    
  0.728965104    
  0.684543371    
  0.637419999    
  0.587781072    
  0.535822392    
  0.481749088    
  0.425774515    
  0.368119627    
  0.309011936    
  0.248684719    
  0.187376037    
  0.125327885    
   6.27851114E-02
  -5.44390423E-06
  -6.27959818E-02
 -0.125338688    
 -0.187386736    
 -0.248695254    
 -0.309021384    
 -0.368128866    
 -0.425783515    
 -0.481757790    
 -0.535830796    
 -0.587789118    
 -0.637427688    
 -0.684550583    
 -0.728971958    
 -0.770516336    
 -0.809019864    
 -0.844330549    
 -0.876309037    
 -0.904829144    
 -0.929778337    
 -0.951058090    
 -0.968584418    
 -0.982288182    
 -0.992115319    
 -0.998027027    
  -1.00000000    
 -0.998026431    
 -0.992114067    
 -0.982286274    
 -0.968581855    
 -0.951054871    
 -0.929774523    
 -0.904824793    
 -0.876304090    
 -0.844325066    
 -0.809013844    
 -0.770509779    
 -0.728964925    
 -0.684543133    
 -0.637419760    
 -0.587780774    
 -0.535822093    
 -0.481748790    
 -0.425774246    
 -0.368119329    
 -0.309011638    
 -0.248684391    
 -0.187375724    
 -0.125327557    
  -6.27847835E-02
